1
4597
3065
10725
7661
3066
6130
10726
7662
2
3067
12259
15323
7663
3
3068
6132
12260
1534
4600
7664
3069
1535
4
7665
16853
3070
4602
5
9195
10731
4603
6
7
3071
16856
8
1537
9
3073
10735
7667
3074
10
12264
3075
3076
11
12265
15333
4609
7668
13802
12
3077
1538
13
9201
10736
3078
9202
14
12268
10737
3079
9203
15
10738
3080
16
10739
1540
3081
17
15339
18
3082
16870
1541
9205
3083
7670
19
3084
16872
20
16873
21
16874
1543
22
7671
23
7672
24
12273
25
26
1545
12274
7673
15343
7674
12275
4617
3085
6155
7675
3086
10753
3087
1547
15346
4618
3088
15348
3089
15349
3090
15350
16886
1548
15351
12277
15352
7678
3092
27
28
4620
7679
3093
10762
29
30
1551
7680
4621
3095
12280
6167
7681
3096
4622
1553
16894
10769
9217
10770
31
3097
3098
32
12282
33
7682
10774
34
16896
3099
12283
16898
7683
3100
16899
12284
16900
35
7684
3101
36
1560
37
3102
9219
38
7685
3103
39
1561
16909
9220
40
3104
1563
41
12287
7687
42
3105
10789
1564
7688
13830
3106
1566
7689
43
9224
16921
3108
44
16922
12290
45
7690
10797
3109
1569
12291
47
10798
48
4632
3110
49
7692
50
12292
1571
7693
51
4633
10801
16933
52
1572
15370
7696
53
9229
12293
16935
4634
54
7697
10802
1573
55
9230
16938
7699
56
10804
3111
1574
9231
7700
57
12295
7701
58
12296
1575
9232
59
7702
3112
60
1576
61
15373
3113
12300
1577
62
4639
63
6207
4640
3114
1578
64
4641
1579
12302
3115
1580
65
16944
15378
66
1581
67
7704
3117
68
7705
4648
1582
69
7706
3118
70
71
3119
72
4650
1583
73
3120
74
9241
1584
75
16951
10819
76
16952
1585
3121
15380
13846
77
9242
10822
7708
15382
1586
3122
7709
7710
10825
3123
10826
78
7712
16958
79
10827
80
3124
1589
4660
16960
10828
7715
7716
7717
81
3125
1590
7718
3126
82
16963
7719
15386
3127
13851
1591
7720
83
7721
3128
16964
84
7722
85
3129
7723
15387
86
12312
3130
87
3131
15388
12313
88
3132
1594
4667
89
3133
1595
15389
4668
3134
90
12314
3135
91
3136
92
3137
93
3138
1597
12315
94
15392
3139
95
7729
15393
3140
96
9254
3141
4671
97
16972
15394
98
7730
9255
1599
10856
99
16973
13857
6240
100
15396
16974
101
9257
10861
7732
102
12316
9258
10862
3144
103
10863
15397
10864
1601
9260
3145
7733
104
9261
15398
105
3146
7735
106
4675
10866
7736
107
7737
108
3147
9265
15399
7738
1603
9266
6250
109
12319
3148
7739
110
1604
6254
111
3149
4677
112
9267
7742
113
9268
10869
7743
4678
9269
12321
114
7744
9270
10870
1606
12322
3151
7745
6257
9271
115
7746
116
10871
4679
3152
1608
1609
117
10872
9274
7748
118
9275
9276
7750
4680
9277
119
1611
7751
3153
7752
120
15403
7753
15404
121
3154
7754
122
7755
7756
3155
123
7757
124
6262
15406
125
7759
3157
126
7760
9285
1612
3158
127
16986
9286
4691
128
1613
10883
7762
129
10884
130
9288
1615
10885
131
13864
132
15411
133
10888
6266
3160
134
7764
15412
16990
135
9293
1618
16991
12331
16992
136
15414
16993
137
7766
1620
15415
138
4698
139
13868
9297
140
15416
1621
141
3161
7768
9299
142
15417
143
3162
1623
3163
6269
1625
3164
15420
6270
15421
3165
9300
15422
12335
1627
15423
15424
4704
7770
17005
15425
3167
15426
17006
12336
144
3168
15427
1629
145
3169
15429
146
7772
15430
3170
15431
3171
1631
7773
3172
17008
15433
15434
10917
147
17010
1633
148
15435
149
7774
15436
1635
4708
150
9308
15438
151
7775
10922
15439
4709
3173
152
15440
10923
153
15441
17019
15442
154
3174
1638
7777
155
17021
10925
15444
4711
156
3175
157
3176
15446
10927
3177
7779
12345
15447
158
1640
3178
159
17026
15449
3179
7780
15450
3180
17028
160
17029
3181
161
15452
17030
3182
17031
4714
15454
1643
7782
3183
163
15455
15456
3184
164
9314
15457
1644
3185
10936
165
3186
166
10937
1645
9315
10938
3187
7785
167
15461
3188
1646
9316
15462
168
3189
15463
169
10941
3190
170
3191
1648
171
3192
15466
10944
15467
3193
172
1649
17046
15468
173
10946
3195
174
17048
3196
175
15470
9321
3197
176
15471
1651
6287
12356
3198
177
10950
17052
15473
3199
178
10951
1652
179
180
15476
181
3201
15478
182
15479
10956
9327
183
6293
3203
17060
184
15481
3204
6294
17061
185
4726
3205
10960
15483
186
13893
9329
10961
187
4727
10962
6297
15485
3207
188
1655
10963
15486
6298
10964
12360
189
15487
6299
3208
15488
190
15490
7795
191
15491
3209
9332
17071
3210
15493
7796
9333
12363
192
3212
12364
193
10965
6300
1656
3213
6301
15500
15501
13898
6302
194
15502
6303
1658
3214
195
10970
1659
1660
10971
196
12366
3215
1661
197
10972
6304
4735
10973
198
6305
1662
12367
9339
199
3216
1663
200
10975
6306
15506
6307
1664
15507
4737
201
17080
1665
3218
6308
15508
9341
202
17081
15509
3219
1666
6309
3220
203
15511
15512
15513
10980
15514
4739
1667
204
10982
10983
17082
1668
10984
12371
206
4740
10985
12372
208
209
1669
211
212
3221
1670
3222
6311
7808
214
3223
15517
4742
6312
1671
6313
215
3224
6314
6315
216
9343
1672
217
3225
1673
218
10986
1674
219
10987
15518
1675
220
6316
4746
12375
1676
17083
15520
6317
221
1677
17084
6318
15521
222
1678
6319
1679
223
6320
1680
224
6321
1681
225
6322
1682
12377
226
1683
3226
13915
1684
4750
6324
1685
15523
1686
13918
227
15524
6325
1687
15525
3227
1688
15526
1689
10994
228
9348
6326
15527
1690
6327
229
15528
3228
1691
6328
10995
230
6329
3229
1692
15530
6330
231
17097
1693
4754
6331
232
3230
1694
6332
15532
233
17100
1695
17101
234
3231
1696
10998
15535
1697
235
17104
1698
236
12385
11000
3232
1699
237
17106
1700
238
12386
239
1701
240
1702
3233
241
1703
6334
3234
1704
6335
6336
242
12390
1705
11002
6337
243
3237
1706
6338
9359
6339
244
15538
9360
15539
1707
7820
3238
6340
245
12393
9361
15541
1708
246
247
248
15543
3240
1709
6341
15544
17112
3241
9363
3242
3243
249
13933
3244
6342
15545
250
3245
251
11008
15547
6343
3246
252
15548
3247
17115
15549
253
11010
15550
7822
12397
1710
6344
15552
1711
3248
254
15553
4763
12398
1712
255
6345
11014
3249
12400
256
4765
1713
9372
12401
257
17118
4766
7825
1714
258
7826
1715
9373
6346
259
260
1716
3252
17120
261
6347
15556
4769
262
1718
6348
17121
263
1719
9375
1720
264
4770
17122
6349
15557
1721
265
4771
266
1722
6350
267
4772
1723
11019
268
17124
1724
269
6351
15559
6352
270
3254
17125
7831
11022
271
11023
4774
15560
272
12413
1725
11024
17126
273
1726
7834
12414
15561
11027
17127
274
1727
6355
7836
13946
275
12415
1728
4776
276
15562
11030
7838
6356
1729
3256
277
6357
278
4777
15563
1730
279
9382
12416
280
1731
4778
281
11036
3257
6358
282
9384
283
9385
11038
9386
6359
15564
4779
9387
284
6360
15565
285
3258
11041
7842
12421
4780
11043
1732
286
1733
3259
287
9389
4781
288
13952
9390
6361
11046
289
12423
11047
17135
290
13953
291
6362
15568
11050
3260
292
1735
4783
293
11052
17137
294
11053
295
15569
1736
9393
296
3261
7847
6364
4785
297
7848
11059
4786
298
3262
1737
6365
11060
4787
299
4788
11062
300
4789
11063
12428
1738
301
13958
7849
6367
15572
302
4790
303
3263
17141
11067
3264
304
11068
6368
15573
9398
305
11070
17142
6369
4791
15574
1740
3265
12432
17143
6370
4792
15575
307
1741
17144
12433
6371
11076
3266
308
17145
6372
11079
6373
4794
3267
17146
309
6374
310
11081
1742
4795
311
11082
312
6375
313
17147
11084
1743
13967
7864
314
11085
6376
12438
315
9406
4797
316
1744
6377
9407
7865
3270
317
6378
17149
4798
1745
11090
15580
318
4799
6379
17150
319
4800
320
3271
1746
6380
9411
7867
321
11094
13975
322
15581
6381
1747
323
12442
324
11097
3272
6382
325
15582
11099
326
17155
6383
15583
12444
3273
6384
1748
7871
327
6385
17156
11103
6386
328
15584
9418
17157
6387
329
6388
330
3274
1749
6389
331
12446
6390
332
6391
17158
1750
3275
333
6393
334
11110
6394
7874
9421
335
11111
6395
15587
1751
3276
11112
336
6397
337
17159
15588
9422
338
11115
6399
12450
11116
6400
339
17160
6401
1752
3277
11118
340
6402
11119
15589
6403
341
7877
9424
4821
6404
342
6405
11122
6406
1753
11123
343
6407
11124
3278
344
4825
11125
9425
3279
6409
11126
345
11127
6410
346
4828
6411
7880
9426
347
348
6413
17162
6414
11130
3280
6415
7881
1755
11131
349
6416
17163
350
11133
4833
3281
6418
351
7882
6419
352
13993
6420
17164
353
1757
6421
354
6422
7883
6423
3282
355
1758
7885
356
6425
6426
357
1759
9433
3283
6427
358
6428
11140
6429
1760
3284
11141
6430
17167
15595
11142
6431
360
6432
1761
11144
3285
6433
6434
9436
17168
361
7889
15596
1762
6435
362
12464
6436
9437
6437
363
11148
3286
17169
7890
11149
6438
15597
1763
3287
11150
6439
17170
9438
6440
364
6441
365
11153
3288
366
17171
1764
4858
11155
17172
367
11156
17173
368
11157
3289
6443
1765
17174
369
15600
11159
6444
370
1766
371
11161
12470
17176
6445
3290
11162
372
373
1767
374
11164
15602
6446
11166
17177
11167
1768
376
11168
9443
6447
377
1769
6448
3292
11171
9444
6449
378
17178
6450
11173
6451
1770
4876
6452
6453
12474
11176
3293
17179
6454
11177
3294
6455
9445
6456
15605
380
3295
9446
6457
1771
3296
12476
11181
3297
11182
381
3298
382
3299
9450
11184
3300
15608
11185
1773
6459
9452
3301
12478
15609
12479
9455
6460
11189
383
1774
3305
3306
12480
3307
6461
17184
15610
9459
11193
3308
3309
11194
384
3310
17185
3311
11196
9462
1776
15612
385
3312
11197
11198
3313
11199
17186
11200
15613
386
3314
1777
17187
6463
3315
11202
12483
6464
3316
387
3317
1778
11204
6465
3318
11205
3319
15615
388
17188
3320
6466
7908
389
17189
390
11209
1779
17190
6467
391
3322
12486
17191
392
3323
12487
393
3324
1780
4899
394
6468
3326
395
12488
3327
396
9470
17192
1781
3328
397
15618
398
11217
399
6470
11218
4901
12490
400
17193
9472
401
11220
6471
1783
402
11222
9473
403
4902
3333
6472
404
3334
1784
405
7913
406
11227
407
1785
6473
408
12494
3336
409
1786
3337
4903
410
9476
3338
6474
411
3339
3340
1787
412
3341
12496
9477
14031
3342
413
17196
6475
414
3344
12497
3345
415
6476
11237
3346
416
3347
7922
3348
417
1789
6477
11240
17197
3349
418
9481
3350
419
9482
3351
11242
420
3352
1790
421
3353
17198
1791
6479
3354
422
3355
6480
11245
3356
1792
6481
423
17199
6482
424
3358
11247
6483
425
11248
3359
6484
426
6485
6486
427
428
6487
11251
1794
12502
6488
11252
3361
17200
429
6489
11253
3362
6490
17201
11254
430
6491
1795
6492
431
3363
14040
6493
432
6494
17202
433
1796
6495
434
12504
17203
1797
3364
6496
11259
6497
435
11260
11261
6498
17204
6499
1798
436
17205
11263
6500
12505
437
3366
9493
6501
17206
11265
438
11266
6502
1799
17207
3367
6503
7932
17208
6504
439
11268
6505
9494
17209
440
1800
6506
441
11270
6507
3368
17210
442
6508
9495
443
6509
1801
6510
17211
11272
3369
6511
444
12508
6512
12509
3370
6513
445
6514
7935
446
6515
12511
1802
11276
6516
11277
447
3371
6517
448
6518
17214
6519
449
1803
9498
12513
3372
11279
4921
450
6520
6521
451
3373
1804
17215
6523
452
453
6525
1805
3374
6526
454
11284
6527
455
11285
9500
6528
456
12517
3375
6529
11287
11288
457
1806
11289
6531
11290
458
9501
11291
6533
1807
459
11292
17217
12520
6534
11293
6535
460
11294
15622
1808
461
3376
17218
11296
462
11297
11298
3377
463
1809
3378
11299
11300
464
3379
15624
6538
11301
17219
465
1810
11302
6539
3381
466
3382
467
3383
468
1811
3384
469
6540
17220
3385
11305
470
11306
3386
471
12523
11307
6541
3387
1812
11308
3388
472
11309
15627
473
3389
11311
474
1813
3391
475
3392
12526
15628
17222
6543
476
3393
477
6544
3394
478
11314
3395
15629
479
11315
3396
6547
3397
6548
480
17223
15631
3398
6549
481
1815
4934
11317
15632
3399
482
15633
3400
483
484
11319
1817
3402
11320
15635
485
3403
486
15636
3404
487
6551
15637
488
11322
9514
3405
17225
9515
3406
9516
7960
3407
489
15639
3408
490
6552
1818
3409
15641
491
3410
3411
492
11326
6553
1819
17227
3412
493
494
15644
3414
11328
495
15645
11329
9520
3415
496
1820
11330
6554
497
3417
6555
11332
17229
3418
498
9521
7963
15648
499
11334
1821
9522
500
11335
3420
15649
11336
17230
3421
501
6556
11337
3422
502
6557
1822
503
3424
11339
504
11340
3425
505
1823
3426
506
12536
6558
3427
3428
1824
6559
17232
11343
4944
3430
3431
6560
507
3432
508
1825
3433
509
3434
11346
510
17233
3435
6561
511
3436
1826
11349
512
17234
3437
513
3438
514
3439
6562
1827
515
516
15654
12541
517
1828
11354
11355
14075
6563
17236
518
15655
3441
11357
519
15656
11358
520
11359
1829
521
9530
6564
522
3442
11360
1830
15657
11361
523
9531
11362
524
6565
525
15658
17237
9532
526
3443
1831
11365
527
6566
528
6567
11367
1832
529
1833
3444
530
9533
6568
531
11370
17241
11371
532
1834
533
17242
15661
6569
3445
534
535
12547
11375
536
1835
537
11377
1836
538
11378
9535
539
6571
540
1837
17243
3447
541
542
3448
9536
543
6572
15665
544
17244
1838
545
546
547
3449
11385
548
6573
11386
549
3450
550
17245
1840
6574
551
12551
11390
11391
552
3451
9539
553
554
11393
4961
555
6576
11394
556
6577
15669
11395
3452
557
17249
11396
558
6579
11397
1842
559
6580
560
6581
14095
561
11400
6582
562
1843
6583
15671
6584
3454
15672
9542
11402
563
6585
11403
1844
6586
564
15673
11405
565
17251
7985
11406
566
1845
3455
4965
6589
567
9546
12555
568
11409
9547
17252
3456
569
570
571
11413
572
11415
3458
6591
17253
573
1846
15679
574
1847
575
11419
576
1848
11420
3460
15683
6592
577
3461
12558
578
3462
11423
17254
3463
579
15686
4969
3464
580
15687
1849
581
6593
3465
11425
15688
582
15689
6594
3466
583
17256
15690
3467
6595
584
11427
3468
585
7992
3469
15692
11428
586
11429
3470
1850
587
11430
15694
3471
588
3472
9555
589
3473
15696
590
1851
3474
591
7993
3475
9556
11433
592
6597
1852
3477
593
7994
594
595
11436
15702
1853
596
11437
6598
9557
597
15704
17260
7995
598
11439
1854
4974
599
15706
11441
6599
600
9558
12565
601
7996
15709
1855
15710
602
3481
6600
11444
603
604
9559
1856
11446
605
11448
606
607
6601
3483
9560
15716
11451
608
6602
11452
609
1857
3484
610
4988
9561
611
11456
9562
612
6603
613
3485
614
1858
615
11460
3486
616
15723
11462
1859
617
3487
11464
618
11465
6605
15724
619
11467
620
621
4999
622
1861
3488
623
9564
15725
6606
624
6607
625
6608
15726
11472
626
6609
1862
11473
12572
6610
9565
1863
11474
6611
627
1864
628
6612
8004
3491
6613
11477
629
15727
6614
630
6615
11479
3492
631
6616
632
11481
1865
6617
633
6618
11483
634
15728
6619
635
3493
6620
1866
636
6621
11485
12575
637
11486
3494
6623
638
1867
15729
11487
6624
6625
639
11490
6626
640
1868
6627
641
3495
6628
642
6629
11493
643
644
1870
11494
3496
12577
645
15731
6631
11499
1871
3497
647
6632
11502
648
3499
11504
1873
649
6633
11505
8013
15735
6634
9573
17277
3500
1874
650
9574
8016
651
652
11509
1875
12588
17278
653
9577
654
3501
1876
11512
15739
9578
655
8021
11513
656
657
9580
6636
11515
658
1877
9581
11516
8024
659
3502
11518
6637
12590
660
1878
661
9585
3503
9586
8028
3504
662
15741
9587
1879
3505
11522
5017
6638
663
1880
6639
664
3506
6640
11526
3507
665
9593
6641
11527
666
3508
1882
9594
11528
6642
667
11529
1883
6643
9595
3509
11530
1884
6644
11531
3510
15743
6645
1885
11532
6646
3511
1886
9598
6647
1887
6648
1888
11535
668
5026
6649
669
1889
6650
3512
670
6651
3513
15744
1890
671
6652
3514
9604
1891
672
6653
9605
3515
1892
673
1893
3516
674
6655
1894
3517
15745
675
6656
1895
3518
9609
6657
676
1896
3519
9610
11543
1897
677
3520
9611
6659
17287
1898
678
5036
9612
1899
3521
679
9613
1900
680
15746
9614
3523
11548
681
9615
11549
3524
1901
682
11550
1902
3526
17289
6661
683
1903
3527
684
11552
1904
11553
3528
15747
685
11554
3529
1906
686
6662
1907
687
1908
11559
1909
1910
6663
11562
1911
3531
689
1912
11564
15750
3532
690
1913
6664
11566
1914
11567
1915
11568
15751
1917
691
1918
3533
6665
1919
11572
9621
3534
1920
692
11574
1921
11575
1922
1923
11576
11577
9622
6667
3535
5064
17295
6668
693
6669
5067
12604
9624
1925
11583
3537
11584
6671
694
6672
695
11586
6673
3538
1926
696
6674
5072
697
6675
698
1927
6676
3539
699
11590
6677
11591
6678
17298
6679
11593
6680
15757
1929
11595
3541
8060
11599
3542
6682
701
1930
15759
702
15760
11602
6683
703
11603
704
1931
11604
3543
8061
11605
1932
15761
706
707
11608
6684
1933
708
12609
8062
709
3546
710
1934
711
6685
9633
712
1935
6686
713
15763
6687
12611
714
715
3550
716
11617
1936
717
9635
11618
718
3551
6688
11619
12612
1937
11620
6689
719
11621
720
15765
11622
6690
8067
3552
1938
721
11623
6691
11624
6693
11625
1939
722
6694
11627
6695
11628
724
6696
725
3553
6697
1940
3554
726
8069
6698
3555
727
6699
3556
11631
6700
728
17308
11632
729
3558
11633
6702
1941
3559
730
6703
731
6705
732
9642
1942
11637
17312
733
11638
6707
734
3562
6708
9643
12619
8071
735
6709
1943
12620
736
6710
14167
6711
737
3563
1944
15770
6712
738
11642
6713
11643
739
6714
740
1945
6715
741
6716
15771
6717
3564
742
1946
6718
11646
17317
6719
743
11647
15772
17318
6720
744
1947
6721
17319
745
6722
746
3565
747
1948
6724
748
17320
11650
15774
6725
11651
749
5107
6726
1949
11652
750
6727
11653
751
6728
8078
3566
752
11655
1950
17323
753
6731
9650
6732
754
11657
755
6733
17324
11658
6734
3568
756
15776
11659
5114
757
1951
758
6736
759
11661
6737
17326
8083
11662
6738
1952
760
3569
11663
15777
8084
761
6739
762
6740
11665
763
6741
11666
764
3570
1953
6742
5122
765
6743
8085
1954
766
6744
6745
767
11669
15779
9654
6746
3571
768
11670
11671
1955
6748
8086
15780
6749
769
11673
6750
5129
11674
6751
3572
770
6752
1957
771
6753
772
6754
9656
773
3573
6755
17330
15781
3574
5134
11678
6756
774
11679
6757
775
12631
1958
6759
11681
776
8088
17331
11682
777
6760
3575
11684
778
9658
6761
12632
1959
5140
11685
779
11686
780
6763
781
6764
782
1960
6765
6766
3576
783
6767
8091
784
11689
6768
15783
3577
11690
785
6769
1961
6770
786
11692
6771
787
8093
788
3578
11694
12635
9661
3579
789
11695
1963
790
11696
791
5155
792
11698
1964
8095
6773
5156
11699
793
12636
5157
9662
794
3580
15785
11701
11702
795
796
3581
6774
797
9663
1965
5161
8097
798
6775
799
3582
8098
15787
9666
3583
1967
6776
800
9667
3584
6777
801
3585
6778
802
9668
8100
1969
6779
803
12641
1970
6780
15790
8103
804
1971
6781
15791
805
9671
806
1972
12652
807
9674
6782
6783
12654
9676
3586
8106
1974
808
9677
14204
9678
9679
15793
8107
1975
9680
3587
809
810
5176
1976
811
8109
1977
8110
9688
1978
15794
812
9690
813
9691
1979
814
8112
6784
1980
815
1981
12662
816
817
12666
6786
12668
1982
15799
818
9699
1983
819
8115
3588
1984
9700
3589
6788
3590
3591
6789
9701
3592
820
11705
3593
11706
3594
8117
3595
15800
1986
821
3596
6790
11708
3597
15801
3598
11709
1987
822
3599
11710
11711
3600
6791
3601
11712
15802
823
1988
3602
11714
3603
8119
11715
6792
11716
824
3604
1989
15803
3605
825
3606
9709
3607
1990
9710
6793
11720
3608
15804
17382
3609
11721
9711
826
3610
9712
3611
11723
9713
3612
11724
9714
1991
8121
3613
827
9715
11725
6794
1992
15806
3614
9717
9718
3615
11727
6795
9719
11728
9720
828
1993
6796
9721
1994
11730
9722
11731
9723
9724
11732
8124
5192
1995
829
3617
11733
12680
6797
11734
11735
830
8125
6798
8126
1996
831
3618
11738
11739
6799
3619
11740
1997
11741
11742
3620
832
11743
833
11744
1998
6801
11746
9728
834
3621
835
11749
8130
5197
11750
2000
15815
11752
15816
11754
3622
11755
836
11756
11757
837
11758
838
8132
11759
839
11760
840
6804
2002
841
11761
842
11762
3623
8133
11763
3624
843
844
11764
845
11765
11766
846
847
2003
11767
9733
11768
848
3625
849
11769
6806
850
11770
9734
2004
851
11771
3626
852
11772
853
2005
11773
15821
854
11774
6807
855
6808
11776
2006
856
9735
11777
9736
3627
857
2007
11778
9737
858
11779
9738
11780
6809
11781
859
9740
11782
860
9741
14231
2008
861
11783
8138
862
863
9743
6810
11784
11785
864
15826
9744
11786
865
6811
2010
15827
866
3631
9745
867
11788
9746
8141
12693
868
8142
9747
11790
3632
6812
869
2011
870
871
6813
872
2012
14234
8144
873
8145
11794
2013
6814
11797
9754
3634
2014
875
15832
6815
11800
876
2015
12697
6816
11802
11803
15833
877
11804
8150
11805
878
3636
11806
879
12699
6817
11807
9757
2017
11808
15834
880
2018
11809
8152
3637
11810
9758
11811
6818
11813
881
2020
11814
3638
11815
2021
882
14241
11816
2022
883
8156
3639
11819
2023
6820
11820
3640
11821
3641
11822
8157
2024
6821
11823
11824
3642
11825
884
2025
6822
11828
9764
3643
2026
6823
11829
885
3644
886
2027
9765
11832
9766
11833
6825
11834
2028
887
3645
8161
11836
6826
11837
2029
11838
888
15844
3646
11839
15845
9769
11840
6827
889
2030
9772
890
6828
11844
11845
2031
6829
3648
891
8164
11847
11848
3649
2032
3650
11849
892
15847
6830
11850
11851
2033
3651
11853
6831
2034
8166
893
11854
6832
15849
6833
3652
6834
894
6835
895
6836
11855
6837
3653
9777
2035
15852
6838
15853
6839
896
6840
5232
11856
15854
6841
11857
15855
5233
8169
6842
3654
897
6843
5234
2036
11858
6845
898
6846
6847
899
2037
11859
6848
900
6849
6850
6851
6852
8177
2038
6853
901
11860
15860
6854
11861
8179
11862
902
6856
11864
6857
2040
8182
6858
9782
8183
6859
903
11866
6860
11867
6861
8186
11868
6862
904
5252
2042
8187
6863
8188
6864
11870
11871
6866
905
6867
2043
11873
906
6868
9785
6869
12729
6870
11875
907
6871
2044
6872
6873
908
12732
6874
909
6875
6876
6877
3655
6878
910
2046
3656
6880
911
6881
6882
912
6883
3658
6885
9789
913
2049
914
11880
3659
11881
2050
915
11883
6888
3660
5284
11884
11885
916
11886
2051
3661
11887
11888
6889
917
11889
8200
918
9792
2052
11891
3662
11892
919
11893
15877
6890
9793
11894
920
9794
921
3663
2053
5290
6891
11896
922
8203
2054
3664
12744
923
8204
924
11897
5297
8208
11898
925
6894
8211
6895
2055
6896
11899
6897
3666
6898
926
6899
2056
3667
11900
8218
6900
927
8219
6901
15885
2057
6902
928
8221
6903
5308
8222
11901
6904
929
6905
2058
3668
6906
8226
9809
12749
6907
2059
930
5312
9810
11902
6908
15886
931
11903
8229
932
3669
11904
6910
9815
2061
15887
933
11908
3670
11910
12751
9819
3671
934
9820
6911
3672
5321
2062
9821
11912
3673
9822
935
3674
9823
3675
3676
2063
6912
3677
11915
936
9826
3678
5326
15890
2064
3679
11917
6913
12753
9828
3680
9829
2065
8236
3681
9830
937
3682
12754
3683
6914
11918
15891
3684
938
11919
5331
3685
3686
939
3687
2067
12755
15892
3688
6915
3689
12756
3690
940
3691
11921
3692
6916
2068
15893
11922
9835
3693
941
3694
12757
3695
8251
6917
942
9836
3696
2069
15894
3697
943
3698
944
3699
6918
3700
11926
945
3701
11927
11928
3702
15895
2070
946
11929
3703
11930
5349
6919
3704
947
2071
948
11932
949
12762
3706
15897
6921
2072
9841
950
5360
11933
951
3707
952
6922
15898
2075
953
11934
11935
6923
3708
954
9844
3709
2076
955
11936
3710
9845
11937
6924
15901
2077
956
3711
5375
12767
3712
9846
5377
11939
957
6925
12770
15902
2078
3713
3714
15903
3715
958
12774
959
6927
2079
8271
6928
960
6929
15904
12778
5385
9849
2080
11941
3717
6930
8276
961
8277
6931
8279
6932
15905
962
8280
6933
6934
963
3718
11942
8281
12785
6935
2082
9851
6936
15906
2083
6937
9852
6938
3719
11944
15907
6939
964
6940
11946
2085
15908
3720
965
12790
8291
966
3721
2086
6942
14313
5392
11949
3722
11951
8296
9855
2087
6943
967
3723
15912
8298
11954
11955
9856
8301
6944
8302
2088
3724
968
11958
2089
3725
6945
969
11960
970
6946
12795
9858
971
3726
2090
8312
11961
6947
2091
2092
972
12796
3727
6948
973
8318
15916
974
11963
6949
11964
975
3728
6950
2094
6951
976
11966
11967
15919
3729
11968
8325
15920
977
11969
6952
11970
9863
11971
2095
9864
3730
9865
11972
978
11973
3731
8331
6953
15921
11975
979
3732
6954
2097
11977
11978
9873
3733
14326
5413
15923
9875
5414
980
2098
3734
11979
3735
17559
981
6956
6957
2099
982
9878
5419
3736
11980
983
984
6958
985
2100
3737
15926
12805
6959
5425
986
6960
9880
6961
3738
987
2101
8340
6962
11984
988
6963
12806
6964
8341
6965
9881
6966
989
15927
6967
3739
2102
6968
9882
6969
11986
6970
990
6971
3741
2103
9883
6973
11989
5437
991
6974
11990
6975
11991
15930
3742
2104
992
11992
6977
6978
993
15931
3743
2105
11993
9885
6982
994
6983
11994
6984
6985
15933
3744
6986
5448
2107
995
11995
6987
6988
6989
6990
996
6991
11996
2108
9888
6992
3746
6993
997
6995
9889
5456
6997
2109
11997
6998
998
5458
3747
999
7000
5459
2110
7001
3748
7002
7003
11998
2111
7004
1000
2112
7006
3749
9893
12000
7007
1001
15938
7008
7009
2113
12001
3750
7010
1002
9894
7011
7012
2115
7013
15940
9895
1003
7014
9896
7015
3751
12003
1004
2116
9900
1005
3752
9903
15942
9904
1006
2117
3753
7017
8356
3754
9908
1007
15943
12007
2118
7018
3756
3757
9911
1008
15946
3758
3759
15947
9913
7019
3760
5473
15948
3761
14352
2119
15949
1009
3762
15950
3763
7021
3764
1010
15952
2121
15953
3765
12011
3766
1011
15955
3767
2122
7022
15956
1012
9923
12014
3768
12829
1013
15958
9924
3769
15959
9925
3770
15960
7023
12015
3771
15961
8366
3772
1014
8367
3773
1015
9928
3774
15963
3775
12016
9930
1016
7025
3777
3778
1017
3779
2128
3780
3781
1018
12836
7026
12019
3782
9932
1019
8378
3783
2129
15965
3785
8381
1020
7027
3786
15966
3787
7028
3788
9934
3789
12021
1021
2130
8385
3791
3792
15967
1022
3793
9935
2131
7029
3794
8390
3795
3796
9936
5483
8392
1023
7030
3797
2132
3798
1024
12023
8394
3799
15969
3800
7031
3801
2134
5488
12024
1026
2135
7032
14363
1027
1028
8403
5493
9939
3803
2136
7033
9940
14365
12843
5496
1029
12026
15972
2137
1030
2138
8413
3804
7035
7036
8416
1031
5505
3805
12028
1032
2139
12847
2140
1033
15975
3806
7039
12848
1034
2141
9945
3807
7040
2142
12849
1035
9946
3808
1036
7041
2143
9947
12032
1037
3809
2144
7042
2145
1038
12033
2146
7043
1039
2147
7044
3811
15980
3812
12034
1041
2148
3813
12035
7045
14375
5517
2149
1042
3814
2150
1043
2151
12036
3815
1044
3816
12037
7047
2152
1045
8438
1046
7048
1047
2153
8439
9954
1048
3817
12858
8440
1049
3818
2154
15984
1050
9955
1051
8441
1052
1053
2155
3819
1054
1055
8443
1056
1057
1058
7051
3820
2157
15986
1059
12043
2158
1060
3821
1061
1062
1063
15987
1064
2159
1065
7053
12045
1066
3822
1067
9960
1068
12046
3823
1069
2160
7054
1070
1071
12047
3824
2161
5533
12866
7055
5534
9964
7056
1073
3825
2162
7057
7058
7059
1074
7060
2163
3826
7061
5538
1075
15990
9965
7062
7063
3827
12868
7064
2164
1076
9967
7065
3828
7066
7067
7068
1077
7069
2165
7070
12869
3829
7071
1078
7072
12053
15992
8455
3830
2166
7075
1079
7076
3831
7077
1080
2167
3832
9971
1081
7081
7082
15994
2168
7083
8457
7084
1082
5559
3833
14397
8458
14398
7086
5561
12057
2169
7087
1083
12058
9973
3834
7089
2170
7090
1084
7091
12059
15996
7092
2171
3835
7093
1085
7094
9975
12060
7095
8464
12876
7096
2172
12061
8466
7097
3837
15997
7098
12877
1086
7099
2173
7100
8469
3838
9977
7101
12062
3839
2174
1087
3840
8475
12064
3842
8476
2175
1088
3843
7103
3844
9979
12065
3846
2176
8480
7104
3847
1089
7105
12066
3848
2177
9980
3849
3850
1090
2178
3851
16000
7106
3852
7107
1091
8488
3853
2179
7108
16001
3854
7109
3855
7110
5582
3856
7111
1092
12069
7112
3857
12884
1093
7113
3858
16002
8494
7114
8495
3859
7115
8496
9983
2181
3860
7116
8497
3861
12070
1094
7117
8498
3862
8499
3863
8500
7120
3864
1095
16003
2182
7121
3865
12071
3866
7122
8503
12886
7123
1096
3867
3868
7124
7125
16004
7126
3870
1097
12072
7127
3871
2184
7128
3872
3873
1098
3874
8512
16005
7130
3875
3876
1099
8515
1100
3877
2186
3878
3879
7131
3880
8517
1101
3881
8519
8520
7132
2187
3883
8521
12890
1102
8522
12077
9989
12078
8524
2188
12079
12891
1103
12080
7133
12081
3884
12082
9990
3885
3886
5600
8531
8532
2190
1104
16009
3887
12894
12895
9996
5605
9997
1105
9998
9999
12086
7136
5607
10000
8541
1106
8542
2192
1107
14428
16011
8544
2193
5610
3889
16012
1108
1109
12090
8550
3890
7138
14429
2194
1110
3891
14430
12092
2195
7140
3892
1111
3893
1112
12094
2196
8562
1113
3894
16015
8565
1114
7142
12096
3895
2197
16016
12926
1115
10013
7143
3896
12098
16017
7144
2198
16018
14435
1117
3898
2199
7146
3899
2200
5623
8577
7147
1118
16019
5624
3900
2202
3901
8578
10016
12102
7148
16020
1119
3902
12104
10018
7149
2204
16021
3903
10019
12105
1120
12106
7150
1121
3904
2205
10020
12107
3905
10021
1122
7151
14441
3906
7152
2207
7153
1123
8583
16023
2208
7155
2209
14443
10023
1124
10024
12110
7157
7158
7159
10026
7160
3908
2210
1125
10028
12111
7162
12937
10029
7163
2211
10030
14445
1126
7164
10031
10032
3910
2212
12112
10034
1127
7168
5659
12113
3911
7170
1128
2215
7171
12939
16026
7172
3912
1129
16027
12114
5663
7174
10042
7175
7176
8593
2216
1130
8594
7177
2217
16028
10046
10047
3914
16029
12118
10049
2219
1131
10050
7179
5667
10051
5668
3916
12119
2220
12943
10054
7180
10055
1133
10056
7181
3917
12944
10058
2221
5675
10059
3918
1134
7182
16032
10061
3919
1135
10062
2222
10063
12124
12946
7183
10064
1136
7184
10065
16033
10066
3920
8618
2223
7186
10067
7188
7189
12948
1137
7190
3921
12126
7191
1138
10072
7192
2224
7193
3922
7194
17764
3923
7195
12950
7196
8629
17765
7197
5694
1139
1140
12127
3925
5699
7199
1141
12128
3926
7200
1142
1143
12129
1144
7201
3927
16040
7202
1145
3928
12131
1146
14471
8636
2225
7204
3929
1147
12961
2226
10084
1148
7205
16043
5705
1149
2227
3930
10085
16044
14474
1150
12969
7206
16045
2228
5706
2229
3932
1151
16046
3933
7208
1152
2230
1153
8648
3934
2231
7209
1154
12982
16048
3935
2232
10091
12984
12985
16049
1155
12142
16050
3937
17784
2233
12987
12988
16051
1156
16052
1157
8651
12991
2234
16054
3938
8654
1158
12994
16056
2236
12995
3939
10094
16058
12997
16059
2237
10095
7213
16060
3940
16061
10097
3941
16062
1161
10098
12148
2238
16063
2239
16064
13006
16065
12149
3942
7216
2240
16066
2241
13009
10099
16067
7219
3943
1163
13013
16068
7220
2242
7221
10100
5728
16069
5729
7223
5730
13016
2243
7224
7225
2244
13018
7226
10101
12152
1165
7227
13020
16071
2245
13025
2246
16072
1167
7229
13027
16073
12155
2247
17796
16074
7231
10106
2248
16075
17797
7232
5738
2249
13034
16076
13035
16077
13036
2250
16078
1173
17800
16079
1174
13042
7235
2251
16080
5741
7236
1176
16082
7237
16083
1178
16084
16085
13047
1179
7238
10114
16087
13048
1180
16088
7239
16089
13049
10115
16090
1181
12162
16091
2253
7240
12163
10116
1182
7241
16093
2255
16094
10117
13051
5747
16095
7242
16096
1184
2256
16097
7243
10118
16098
1185
2257
16099
16100
7244
1186
16101
2258
12166
10120
1187
7245
10121
2259
16102
10122
1188
16103
16104
2260
13052
7246
16105
1189
7247
16106
13053
1190
8683
16107
2261
16108
7249
16109
1191
7250
16110
8687
16111
1192
2262
16112
2263
8689
16113
2264
1193
8692
5754
16115
12173
1194
2266
7251
1195
7252
8696
16116
17816
2267
7253
1196
7254
16117
10135
1197
7256
17817
2268
8701
5759
16118
12176
5760
1198
16119
7259
2269
7260
5762
1199
7261
7262
1200
7263
2271
16121
7264
1201
17820
7265
8710
7266
1202
2273
7267
16122
14514
7268
7269
1203
16123
16124
1204
2275
7271
1205
7272
2276
16126
1206
16127
7273
2277
7274
1207
16128
1208
16129
2278
7275
5775
12181
8717
7276
1209
16130
1210
16131
7277
2279
2280
12183
2281
13069
1211
16132
7278
2282
10148
12184
1212
7279
7280
16133
7281
1213
7282
2284
1214
16134
7283
7284
1215
2285
16135
1216
2286
16136
14526
7286
1217
10154
17832
16137
2287
17833
1218
7288
16139
17835
7289
1219
2289
17836
17837
10162
1220
17838
2290
17839
10163
7290
1221
17841
8741
1222
17843
10165
17844
17845
2291
1223
10166
7292
2292
13079
16142
1224
7293
2293
1225
13080
12195
7294
16144
1226
13082
12196
2295
1227
7296
16145
14535
16146
7297
1228
8757
2297
7298
16147
1229
2298
1230
13091
14536
13092
1231
17859
7300
16149
8763
10173
2299
1232
2300
17862
1233
2301
8766
17863
2302
16150
2303
1234
2304
17866
7302
2305
1235
17868
7303
2306
17869
7304
2307
16153
8774
2308
1236
16154
2309
16155
7305
2310
8776
16156
1237
2311
16157
2312
8778
7306
2313
16158
17875
2314
16159
2315
16160
1239
17876
7307
2316
16161
2317
7308
16162
1240
2318
16163
12209
13103
1242
2320
7311
8785
7312
1243
2321
16165
7313
10185
8786
7314
17886
10186
7315
17887
7316
5817
17888
16166
10187
2322
17889
7317
1245
7318
7319
2323
10191
7320
2324
16167
10192
1246
7321
7322
7323
2325
7324
16168
1248
7326
2326
7327
17895
4058
7329
2327
7330
10202
4059
17896
1250
5831
13111
12217
8801
2329
7333
4060
1251
7335
5833
10207
1252
7336
2330
17897
1253
16169
2331
5838
8804
16170
7337
12220
2332
1254
7338
10217
7339
1255
10218
1256
5842
7341
1257
2333
5843
10221
16172
10222
7343
1258
7344
1259
16173
1260
1261
7346
2334
1262
7347
5847
1263
5848
1264
4068
10225
16174
2335
1265
1266
2336
1267
7349
1268
2337
1269
7350
7351
1270
2338
1271
7352
1272
16177
1273
2339
7353
1274
1275
7354
16178
1276
1277
7355
1278
2341
16179
7356
1279
1280
16180
1281
2342
1282
7357
12231
1283
16181
1284
5860
7358
2343
13126
1285
16182
1286
7359
5862
2344
12234
2345
16183
1287
2346
1288
5863
2347
17912
1289
16184
1290
5864
2348
1291
8827
17913
1292
13130
1293
12238
2349
7360
1294
1295
14573
10240
16188
17915
2350
7361
1296
1297
7362
1298
12240
2351
10242
7363
17917
1299
12241
1300
14575
10243
2352
1301
4084
7364
1302
10244
7365
17919
13139
1303
16192
2353
1304
12242
1305
13143
1306
13145
8833
7367
2354
1307
1308
4087
1309
2355
1310
1311
7369
16197
1312
16198
4088
2356
1313
7370
1314
13156
5869
4089
1315
7371
1316
2357
16199
1317
13159
1318
7372
4092
1319
16200
13163
4093
1320
7373
12249
2359
4094
1321
1322
7374
12250
1323
13169
8839
1324
7375
12251
13171
1325
2360
1326
1327
13174
7376
2361
1328
7377
1329
16204
7378
12253
2362
1330
7379
7380
1331
14586
13180
2363
1332
16205
2364
13183
1333
16206
1334
17930
13185
7382
2365
1335
16207
1336
4108
1337
8846
2366
1338
18387
1339
18389
1340
7384
2367
4112
8849
1341
16208
7385
1342
4114
8851
8852
2368
8853
7386
8854
2369
1345
17934
7387
10260
8858
2370
4121
8859
16209
1346
8860
4123
7389
8861
1347
2371
14598
8862
18395
4126
8863
16210
7390
10262
14601
8864
18397
2372
18398
8866
7391
18399
18400
4131
2373
5883
7392
8869
10264
7393
1348
8870
5884
2374
7394
16215
18405
2375
8872
7395
16216
8873
18406
8874
7396
2376
1350
7397
2377
8875
16219
7398
16220
18407
8876
2378
18408
1352
8877
10268
17952
2379
7399
18411
17954
1353
13205
8878
4139
7400
2380
17955
8879
18412
17956
7401
16224
8880
1354
17958
16225
8881
2381
17959
16226
7402
13206
2382
8884
8885
2383
7403
16228
8887
1357
17965
2384
10271
4147
17967
10272
1358
17969
16229
8891
18418
4149
2385
8892
5899
10273
8893
18419
4150
2386
8894
18421
8895
16231
18422
4152
8896
17976
1361
2387
17977
18424
18425
8897
7407
2388
17980
8898
7408
1362
16232
17981
7409
2389
5907
4157
7410
7411
1363
17985
7412
18428
17986
17987
13222
8901
7414
2390
8902
17989
1364
2391
7416
10280
13226
2392
7417
1365
10284
18431
8905
10285
2393
17992
2394
8906
4163
1367
2395
7419
1368
2396
17995
2397
7420
2398
10293
1369
10294
2399
10295
16245
8909
7421
13242
2401
1370
8910
13243
10297
1371
8911
16246
7422
2402
5917
1372
8912
16247
1373
2403
18001
8913
7424
4166
18434
1374
10305
18006
10306
16249
8915
18435
1375
18009
2405
18010
8916
2406
1376
18011
8917
18012
10310
7427
18013
10311
1377
18014
18015
8919
1378
18438
2408
7428
16253
13256
8920
1379
1380
8921
2409
7429
18024
5927
18440
13258
1381
2410
8923
7430
18030
16257
18031
2411
8924
7431
1382
18033
18034
8925
1383
2412
18036
1384
18037
16259
8926
1385
2413
10331
8927
5940
18042
1386
2414
5941
8928
10333
1387
8929
2415
10334
1388
18049
18050
8930
2416
16260
18446
16261
13266
7437
8931
2417
10337
1389
4187
7438
8933
10338
2418
7439
8934
1390
16262
7440
7441
1391
8935
2419
2420
1392
16264
8936
7443
16265
1393
2421
10342
2422
1394
8938
10343
2423
7445
8939
8940
8941
2424
8942
8943
1396
2425
10347
8944
16269
8945
1397
2426
2427
1398
7448
10352
8947
10353
16271
2428
10354
1399
10355
5958
13289
2429
13290
16272
13291
18459
2430
7451
18460
1400
2431
13293
7453
2432
16274
1401
10357
2433
10358
18466
10359
16275
2434
18467
1402
5962
2435
13295
18471
16276
1403
2436
8952
7456
18473
18474
2437
1404
2438
10368
16278
2439
8953
10369
7457
1405
16279
1406
2441
7458
1407
7459
16280
2442
1408
10374
16281
2443
7460
8957
1409
2444
18070
16282
7461
1410
10380
2446
5978
18482
1411
2447
16283
1412
5981
2448
7463
1413
16284
18073
2450
1414
7464
2451
1415
18074
7465
18486
16285
1416
4210
7466
8966
18487
7467
18076
8967
1417
7468
16287
18489
7469
8969
18490
7470
5998
2452
7471
14676
1418
1420
2453
1421
7472
8971
16288
7473
2454
7474
1422
7475
7476
8973
2455
1423
2456
7478
1424
8976
1425
7480
2457
16291
18492
7482
1426
8977
2458
18493
13321
8978
18082
7485
8979
1427
7486
8980
2459
6005
8981
18084
16293
1428
8982
7487
18087
2460
1429
7489
16294
1430
18090
7490
1431
7491
2461
1432
2462
18495
7492
18095
4222
16296
1433
18496
2463
13327
8985
1434
16297
7494
2464
18497
13328
10404
1435
1436
13329
10405
8988
7497
2465
16299
8989
18499
2466
8991
1437
10406
16300
8992
4231
18500
4232
1438
2467
7500
16302
10408
7501
2468
10409
1439
7502
2469
7503
16303
1440
8994
4237
2470
6026
7504
1441
18503
18106
1442
9000
2471
16305
7506
18107
1443
9001
7507
6030
1444
4243
18108
2472
13340
9003
16306
7509
2473
9004
1445
7510
10425
9005
18513
7511
2474
18514
1446
10428
16307
2475
18110
1447
2476
1448
9011
2477
9012
16308
1449
2478
7512
10438
1450
7513
2479
7514
16309
1451
9017
13348
9018
1452
2480
4250
1453
2481
1454
7516
2482
7517
2483
10439
7518
1455
2484
18524
10443
16312
9020
7519
18526
1456
9021
6046
18527
2485
10446
16313
10447
1457
2486
18529
7520
16314
1458
9024
6051
10451
18532
13355
10452
6052
1459
10454
18535
16315
10455
1460
7521
10456
16316
1461
10459
7522
2488
9026
1462
2489
6057
2490
13359
1463
7523
6058
16318
1464
10465
6059
1465
4261
18536
1466
2491
7524
16319
1467
9029
7525
18538
14716
18539
1468
9030
1469
16320
2492
7528
6065
1470
7529
2493
9031
7530
1471
16321
7531
9033
1472
9034
2494
1473
7533
9035
1474
16322
9037
4270
2495
2496
16323
7535
18546
9038
1476
18547
10485
18548
7536
10487
18550
1477
18551
2498
6078
4278
16326
1479
7538
4279
6080
2499
10495
16327
6081
10496
18126
18559
6082
7539
18128
16328
1481
18129
10499
18562
7540
4284
18131
18132
1482
4285
18563
7541
18134
18136
18137
7542
10507
18138
2505
1484
10508
18139
10509
18140
1485
10510
18141
2506
10511
4292
10512
1487
4293
9044
2507
10514
18567
10515
16331
2508
9045
10517
2509
10518
2510
10519
2511
16332
2512
2513
13379
18144
16333
2514
10523
2515
18145
10524
7545
2516
1489
18579
9048
18580
2517
18581
2518
1490
7546
16336
18150
2519
18151
9049
2520
13383
18152
4303
7547
2521
18153
10527
16337
1492
13384
7548
16338
7549
1493
9051
16339
7551
4310
1495
18162
9052
16341
7552
18165
4313
18592
18166
18593
9053
1496
7553
18167
13389
2522
16342
6114
18169
9054
2523
7554
16343
2524
18172
1498
2525
9055
18174
2526
18175
2527
18176
1499
18177
2528
7556
16344
9056
2529
9057
4322
6122
18180
18597
2530
7557
18181
2531
1501
6123
2532
4325
7558
16346
1502
10537
4326
2533
2534
18185
9060
7560
2536
1504
4328
2537
7561
18601
10539
1505
9061
16350
18602
18187
7562
16351
10540
2539
1507
13400
7563
18189
1508
9065
2540
16352
7566
18190
7567
9067
1510
7568
18191
2541
4332
2542
16354
7570
1511
18192
7571
18606
16356
18193
2543
16357
9070
16358
7572
1513
18607
14764
16359
13411
2544
1514
7573
16360
9072
13413
4336
1515
2545
13415
18196
9073
1516
2546
7575
2547
16362
9074
7576
1517
13420
4339
16363
7577
13421
1518
7578
16364
9075
13426
10555
1519
2549
9076
13428
7579
18614
2550
9077
10556
16366
16367
1520
9078
16368
2551
18200
9079
1521
7581
9080
9081
16369
18616
18201
2552
13432
1522
16370
2553
9082
2554
9083
18202
18618
7583
10560
2555
9084
1524
1525
2556
2557
13436
10562
2558
10563
13437
10565
1527
10566
2559
16375
4355
7586
16376
19956
4358
13439
1528
10571
2560
7587
9090
4362
18207
7588
10576
18624
2561
1530
10578
18208
16381
13442
9093
7589
16382
7590
2562
1532
10582
16383
7591
18209
10585
10586
9094
18211
18213
7592
2563
16385
4368
18217
2564
16387
7594
13446
9101
9102
7595
9103
7596
2566
9104
7597
16389
10603
7598
2567
10605
13448
10607
18638
2568
7600
18640
10610
16391
10612
2569
7602
2570
16393
10620
2571
13451
21467
18650
9110
4375
2572
7603
18653
16394
7604
7605
18655
2573
10628
7606
4377
16395
2574
7607
2575
13454
10637
2576
9115
10639
7609
2577
13455
10641
16397
10643
2579
7611
9117
10647
16399
9118
7612
9119
2580
13459
9120
16401
7613
16402
2581
4385
16403
7615
4388
13464
7616
16404
2582
16405
18672
2583
7618
13470
18674
2584
4398
7620
9126
16407
7621
2585
13472
16409
2586
4401
7623
20014
2587
13473
9137
2588
9139
18681
7625
18247
9140
2589
7626
9141
9142
18248
2590
10666
16415
7627
9145
2591
18249
7629
7630
7631
2592
18685
18250
7632
10667
16418
7633
2593
7634
7635
13478
16419
7636
18686
2594
7637
7638
2595
7641
7642
9149
2596
4408
18688
7644
20028
7645
16421
7646
18689
9151
7647
2597
7649
10673
18259
2598
18690
4410
18691
18261
7651
18262
16423
10675
18692
18265
2600
18266
18693
7652
2601
16425
7653
4413
18694
9157
13485
2602
7654
16426
4414
2603
9158
7655
18696
4415
2604
2605
16428
13488
18270
7656
2606
16429
10681
2607
18699
16431
18272
7658
2609
18700
9173
16433
2610
7659
2611
2612
2613
10686
2614
18705
2615
2616
10688
9179
18707
18281
18708
10695
2618
4426
4427
18709
2620
18710
16444
10705
2621
18711
10706
9184
13506
2622
4439
18713
10711
18714
18715
4441
18716
2623
18717
4444
18718
18719
2624
16447
4449
4450
18722
2625
18723
16448
18288
2626
16449
18725
18289
16450
2627
4459
16451
4461
4462
2628
16452
18291
4465
18728
2629
16454
4470
2630
18730
2631
2632
18297
18298
18731
2633
18300
18301
18732
2635
18733
2636
2637
4480
18304
13521
18734
18735
18736
13522
2638
4481
18737
2639
18738
18739
2640
4485
2641
18740
4486
2642
18741
2643
16465
18742
4487
2644
18744
4488
18745
2646
18314
2648
18747
18748
2649
18315
16473
18749
2650
18316
16477
4492
18750
2651
16479
2652
4493
2653
16485
18753
2654
4494
2655
18754
13537
2656
18755
2657
2658
18759
18761
2659
16496
18763
2660
18765
18325
2661
18768
2662
13544
4499
18770
2663
18327
18771
18772
2664
18773
18774
2665
16500
18775
18776
2666
18777
2667
16501
18778
2668
16502
4502
18781
2669
18783
2670
18784
16504
18333
2671
16505
14912
2672
18788
16506
13552
2673
2674
4506
13555
2675
2676
18790
4507
18340
13560
18791
2677
18792
13565
4509
2678
18348
4510
18794
2679
18350
2680
18796
16514
4514
13571
4515
18797
4516
2681
18798
4517
2682
4518
4519
18800
16516
4520
18801
4521
18802
18803
2684
18804
2685
18809
2686
13575
18813
18814
2687
18817
18819
2688
18823
13577
18824
18825
18826
13578
2689
18827
2690
18828
18829
16526
18831
18360
16527
18834
2691
18835
18836
2692
16529
18839
2693
18840
16530
18841
18368
2694
16531
18843
2695
18370
18844
13585
2696
18371
18847
18373
18374
2697
18850
2698
18380
18851
2700
13591
18852
2701
2702
2703
18856
2704
2705
18858
2706
2707
18859
13599
2708
16550
18860
2709
18861
2710
2711
2712
2713
2714
18866
2715
2716
2717
18870
16559
2718
2719
13608
2720
16560
2722
16561
14967
18875
2723
2724
18876
2725
16564
2726
2727
13615
2728
16566
2729
2731
2732
2733
18887
2734
16571
2735
18889
2736
18891
2737
2738
18892
16575
2739
2740
13625
2741
18895
2742
18896
2743
16587
13628
18897
16588
2744
18898
2745
16591
2746
18899
2747
2748
2749
2750
18902
2751
16607
16609
2752
18904
13640
16611
2753
13642
18905
13643
16614
2754
16616
18907
2755
16621
16622
2756
13651
2757
16630
2758
18910
16632
2759
16633
16634
2760
18911
16636
16637
16638
2761
18912
21792
2762
2763
15007
2764
2765
18916
2766
18918
2767
18919
2768
18920
2769
18921
2770
2771
18925
2772
15021
18927
18928
2773
13670
2774
13671
18932
2775
2776
18933
2777
13674
2778
2779
18937
2780
18939
2781
18940
2782
2783
13680
18946
2784
18947
2785
18949
2786
18950
18951
18952
18953
2787
18954
18955
18956
2788
18957
2789
18958
18959
2790
18962
18963
18964
2791
18966
18967
18968
18969
13686
18972
18973
2794
18975
18979
2795
2796
18983
18984
13691
2797
13692
2798
2799
2800
15046
2801
2802
2803
2804
13697
2805
2806
2807
18999
13700
2809
13701
15053
2810
2811
2812
2813
2814
2815
2816
2817
15059
2818
2819
2820
2821
2822
15062
2823
2824
2825
15064
2827
2828
2829
2830
19030
19031
2831
2832
2834
2835
19038
2836
2837
2838
2839
2840
2842
2843
2844
2845
2846
2847
2848
2849
2850
2851
2852
13743
13744
19066
2853
2854
13746
2855
2856
13748
2857
2858
2859
2860
2861
2862
2863
15097
2864
15098
2865
2866
2867
2868
2869
2870
2871
2872
19096
2873
2874
2875
2876
2877
2878
2879
2880
13770
2881
2882
2883
13777
2884
2885
13784
2886
2887
19116
2888
29109
2889
2890
2891
2892
2893
2894
2895
2896
2897
2898
29121
2899
2900
2902
2903
29131
2904
15134
2905
2906
2907
2908
2909
2910
29149
2911
29151
2912
2913
2914
2915
15144
2916
19150
2917
19151
2918
2919
2920
2921
2922
2924
2925
2926
2927
2928
2929
29178
2930
29179
2931
2932
2933
29182
2935
2936
2937
29186
2938
19176
2939
2940
2942
2943
2944
2945
2946
2947
2948
29197
2949
2950
2951
19197
2952
2953
2955
29200
2956
2957
29206
2958
2959
29211
29212
2961
29216
2962
2963
2964
29224
2966
2967
2968
2969
2970
29232
29233
29234
2972
29235
2973
2974
29239
2975
2976
2977
19235
29249
2979
2980
2981
2982
29258
29260
2983
29261
2984
29263
29264
2985
2986
29267
2987
2988
29271
19250
2989
2990
19251
2991
29275
2992
2993
2994
19263
29282
2995
29283
2996
2997
19267
2998
15234
29286
2999
3000
19271
3001
3002
3004
15245
3005
3006
3007
3008
3009
3010
3011
19277
3012
29292
3013
3014
3015
3016
3017
3018
3019
3020
3021
3022
3023
3024
3025
3026
3027
3028
3029
3030
3031
3032
3033
3034
3036
19300
3037
29304
3038
3039
3040
3041
3042
3043
3044
4523
3045
4524
3046
19312
4526
4527
4528
3048
4529
4530
4531
4532
3050
29316
4533
3051
3052
4538
3053
4543
4544
3054
3055
3056
15292
3057
15294
3058
4550
29326
4551
3059
3060
4552
3061
15309
4560
3062
29330
3063
4563
3064
30641
30645
30648
4566
29334
30661
30662
32175
32176
32178
4572
19360
32183
32185
4573
19363
32189
19364
4575
30671
32195
32196
4576
32205
19375
32219
19376
4584
19381
32225
19387
32229
30685
32232
4591
30688
32233
32235
32236
4595
33705
30694
29362
33710
33712
33714
33719
30698
29367
33728
32242
33733
33737
30704
33740
33743
33748
29373
33751
33753
32249
33758
33759
33762
32252
30712
29379
33773
33782
33784
16656
30727
30728
26299
16676
16677
32269
33803
33804
30736
30737
32272
30738
16686
32274
16692
33808
16693
16694
16697
32278
16698
32279
33815
19498
16704
33822
16705
33823
16706
16707
27730
16708
32288
16712
19512
33846
32290
33849
32291
30761
33858
32293
33860
30762
33863
16718
33865
33866
33868
33869
33870
19523
33880
30768
32302
16728
33886
30772
19537
16732
16733
32327
32328
16734
32330
19543
32338
16737
16738
16739
32356
16741
33898
32371
33902
16748
32390
32391
19569
32392
16751
30793
33907
32398
33914
19594
19596
16766
30803
16768
32407
16770
32408
16772
16773
19600
30806
16789
32415
16802
32418
16810
16826
16827
16829
16831
33938
16833
16835
16840
30820
16841
32427
32428
32429
35237
33943
32433
19643
30828
19651
32439
32440
33950
32443
33954
32445
35265
30860
19670
30861
32448
30866
33960
33963
33965
30882
30883
33967
35274
35276
33970
33973
35277
32458
33983
19703
32461
32462
30892
33996
33997
33999
19710
35285
30896
32467
34005
35286
32469
35287
30899
32472
30900
34010
32474
32475
35292
34015
19735
19737
30908
34020
30910
32483
32485
30913
32487
30917
30918
32491
34030
30922
32508
32514
32518
32520
32524
35311
30929
32529
34040
30931
35314
30933
35318
32534
34045
35322
35323
30941
34053
19807
34055
32543
35328
32546
30950
32547
35332
34062
26659
35334
35335
30956
34069
30959
35339
30960
30961
34072
34075
30965
19847
35347
30970
30971
35351
34083
35352
32573
34084
30977
35355
19868
30978
35356
34088
34089
32581
30984
35362
30986
30987
32585
35364
35367
34102
34103
30994
19904
32590
35370
32591
34107
35372
19910
34108
32594
31001
35374
32596
36769
36780
36781
35378
34114
32601
35379
31008
36785
31010
34117
34120
32607
35383
36789
34122
36790
35386
31017
34124
31018
34126
32613
34127
36794
31022
36797
35391
25272
35393
32621
32622
35396
26809
32626
36807
35403
31041
32634
31042
32635
36815
34151
25312
31047
31051
35410
36819
32645
35415
34159
36823
36825
32653
36826
31074
35424
31075
35426
34169
34172
31078
29384
35429
29387
31083
29389
29391
31089
36841
31091
32671
38304
34191
34194
31094
36844
38308
34201
36845
34206
34207
34210
29400
34212
34214
32678
35452
34219
26914
36850
34221
32680
31100
34222
36852
36855
35460
29426
35461
29429
29431
38322
29438
35465
29441
29444
29445
29446
29448
32695
29458
29465
34236
29468
36868
29469
38332
36870
34239
29484
29494
29496
36874
29507
31126
38342
29513
34249
38347
31132
35485
29526
31133
29527
32720
38352
38353
35489
29530
35490
32733
34259
32736
32738
31142
34262
32749
31144
29537
32751
32754
38362
38366
38367
32761
31147
38370
35497
38374
31148
38375
34267
35499
38378
38381
36894
31150
32775
31151
35501
29546
36897
32781
38390
36898
39840
36900
32786
36903
32789
31154
32790
38403
36910
38404
32795
38405
36912
32803
39846
39848
38417
39849
34276
38427
39851
38429
39853
29560
29561
32813
39855
35515
38447
31174
38450
31176
38456
35517
38462
31189
38466
31198
38474
29571
36936
39862
31203
36937
29572
29573
35523
31210
31212
36939
36940
38478
31218
38479
29575
39867
28499
31233
29578
38482
28501
28502
38484
28503
28504
38485
28505
29585
36948
28506
28507
28508
32836
28509
28510
32838
28511
35539
35540
34307
28513
31249
29593
35542
28515
36957
28517
35544
32842
31255
32843
28519
31257
29597
39883
35549
29599
32847
28525
32848
28526
28527
34315
28528
28529
32851
35554
28532
29603
34319
32855
28534
29604
38503
28535
32856
28536
34322
39890
32858
38506
28538
28539
35561
28540
39892
28541
32861
38509
28542
35562
28544
34327
32863
38510
28545
35564
31274
34330
28546
28547
29614
39896
28548
35566
39897
29625
34333
28550
27149
35568
34334
29631
28551
31278
29633
28552
35569
32870
28553
29640
28554
34336
39901
31280
29645
32872
39902
36983
28558
36984
29659
39904
28560
29667
28561
32877
28562
36988
29680
32879
35577
29687
36990
28566
38525
29691
29693
28569
28570
39911
28571
32882
35580
28572
28573
28574
29706
34351
38529
36996
35584
31297
39915
28579
38532
36999
37001
28583
29717
35589
28584
32895
37003
29720
28586
34360
35592
28587
28588
34361
28591
35597
34364
28592
28593
35598
37011
32905
38542
35599
28595
39929
28596
28599
29733
28600
32912
31322
35607
34371
28602
28605
39937
32917
38553
35612
39938
28608
31330
28609
31331
32921
38559
34382
37027
34383
38561
31338
28614
35621
32933
28615
31343
29751
34389
35624
32935
37035
39950
35628
28620
29756
32941
38581
34397
38584
29758
38587
28625
28626
38589
39954
28627
32946
31352
28628
38594
35635
38603
39958
28630
39959
37049
38607
28632
32950
38619
28635
29769
35642
35643
28636
35645
39963
29770
28637
35650
37054
32954
35652
35653
28639
35657
28640
38643
38646
38648
28641
38649
38651
32958
38653
28642
38655
35664
32960
38662
31365
28644
38667
28645
39969
34414
38676
35668
35669
38680
28648
31369
38682
32965
32966
28649
28651
32967
28653
38697
38699
28656
28657
34420
37069
29787
32970
29788
38712
31377
35677
37072
29790
39979
38720
28663
28664
37073
38723
28666
29794
31380
38730
28667
28668
28669
28670
39985
32979
28671
35687
28672
32981
31388
34433
31389
28674
38766
31391
34437
31392
38771
35695
37088
38773
32986
31393
31394
35698
28680
34441
28681
37093
32989
28682
38793
40009
38796
35702
38797
38798
28683
38799
32990
29812
35703
28685
40018
35705
28686
28687
38817
31405
35707
40031
28688
40035
35708
40037
28690
28691
28693
40052
28694
40054
32998
38832
38833
40062
40064
29824
28696
29825
38835
28697
40069
28698
31415
40071
28699
37123
28700
35716
34455
31418
28702
37136
28704
37144
29836
33008
34461
37150
38842
37154
28707
37156
29839
38843
37160
28708
37162
37165
31425
33012
38845
34466
37173
28710
37177
41375
35726
41376
38847
31428
29844
37181
41379
41381
28712
37186
38849
35728
37191
41383
37192
31431
37195
28714
41384
38850
41385
28715
34475
29850
28717
28718
31435
35733
33024
37201
40093
40094
28721
40095
31440
31441
28723
31443
38857
41393
28725
28726
33032
41396
38860
28728
38862
28730
34489
40101
38865
29867
34491
33037
40103
34493
41402
37217
35746
28733
37218
31455
28734
35747
29871
34497
28735
41405
40108
35749
38874
29875
40112
28739
40113
31460
33045
28741
29878
38880
31466
34503
33047
31468
41411
31471
31473
28743
28744
29881
34505
31481
41414
28745
29882
31483
37231
28746
31484
31485
37232
38886
31489
28748
28749
28750
41418
31502
29886
40123
28751
29887
34510
34511
31508
28752
31511
31513
28753
41421
34513
37238
28754
33058
40127
35770
31523
28756
40128
31527
31528
41424
37242
28759
35773
31536
41425
37244
35774
40130
33064
29894
28760
34520
41427
29896
35777
28763
37248
33068
37249
41430
28764
27557
33070
28765
29900
41432
29901
37252
28767
38903
41434
42916
34528
41436
38906
37254
34530
40140
28772
42929
41438
40141
34532
29908
40143
28775
44429
41440
42943
42944
41441
44431
28778
40145
33082
29912
44434
28782
44435
28784
31561
33084
41444
42966
38915
40148
28785
42971
42972
35794
42976
42982
38918
28788
42986
42987
35796
38919
41448
42989
28790
42993
41449
44446
41450
37272
33091
29922
31568
43005
44448
43007
28793
44450
31570
34549
41452
35802
28795
31571
44452
29926
34552
28797
37277
44455
43022
44456
37279
35805
31574
43023
33095
44457
40158
28800
31575
28801
44460
43025
33100
44461
31578
44462
41463
38931
40162
41464
41465
31580
41466
37284
44463
41468
41469
40164
28807
41473
41474
41475
29936
35812
41476
41477
44464
41478
29937
44466
37288
44467
37289
41481
40168
37290
44468
31589
43033
35815
28812
40169
34566
44470
28813
28814
37293
34568
43037
41485
44473
35820
28817
29944
44474
41487
40174
40175
44475
29946
44477
44479
43045
31599
34575
35824
40178
44480
41490
44481
31600
37302
44482
33119
41491
44483
31601
40181
41492
41493
40183
44484
33122
40184
33123
44486
29955
35829
44487
37306
33126
41496
44488
31609
41497
44489
31610
29957
44490
41498
33129
29958
40189
28829
35834
33131
33132
43055
38960
44491
33134
44493
41501
40193
44494
37320
37321
34586
43058
37323
31617
33142
44495
37327
34587
44496
38964
31618
37330
37331
40196
37333
28835
41505
37334
44497
33154
31620
41506
44499
28837
40198
37344
37345
40199
44500
33164
40200
43063
33168
44501
31624
37355
33172
37356
37357
44502
28840
37358
33175
33176
40202
34595
43065
37362
41514
37363
33179
44504
38971
28841
33181
44505
38972
33183
41515
28842
44506
37372
37375
41518
38975
31628
37380
38976
37381
44508
40206
37383
43068
28845
34606
33187
34607
38977
28846
34611
40207
44510
41521
38978
37388
29984
28847
41522
44511
31631
34619
37389
28849
34621
44512
44513
40210
28850
29986
41524
35871
28851
31633
34630
34632
34633
35876
44515
38982
35877
28852
41525
43075
34636
35879
34637
29988
43077
43078
35882
43079
28853
31635
44517
43081
28855
43082
35887
41527
44519
43083
34644
35888
33195
43086
35892
41528
28856
44520
44521
35895
41529
34652
38989
43091
35896
44522
35898
35899
35900
38994
41531
38995
44523
43093
34664
40218
28860
39002
34666
44526
35914
44527
34671
35915
41534
40220
34675
28863
44528
40222
34679
41535
37400
28864
34683
35925
28865
34686
28866
35928
41536
44531
30001
35929
30003
28867
34692
31644
41537
44532
34695
35936
34697
30009
30010
35939
34699
34701
41538
40226
44533
30014
28869
40227
39038
34703
35945
30019
34707
28870
44534
43101
35952
34712
44535
35953
28871
35954
39048
39049
39050
34715
28872
44536
39054
31649
34720
39055
41542
40231
28873
44537
37409
31650
40232
41543
28874
30026
41544
44538
34722
31651
28875
31652
33216
43107
44539
28876
35963
39070
44540
44541
28878
43108
39075
37413
39077
30030
44542
34726
39081
44544
43110
41550
35966
44545
39089
30034
40238
44546
39093
41552
44547
40240
34729
37417
30036
28883
44549
43113
40241
34730
28884
40242
44550
44551
30039
43116
40244
44553
28887
37420
31665
28889
40245
30041
39098
41559
44554
34736
35975
44555
33229
28891
41560
44557
40247
37423
39100
35978
39101
28894
44559
41562
28895
44560
40249
44561
41563
43121
33232
34741
44562
33233
43122
40251
44563
34742
31679
35981
40252
43123
40253
39105
28899
31684
33235
34743
44564
30049
39107
31686
37427
44565
31688
43125
31690
40255
30050
41569
43126
44568
33237
31696
31698
43127
39121
44569
44570
44571
39124
44572
43128
28905
31705
40258
39126
43129
44573
31710
28907
40259
31712
40260
31715
39134
28909
40261
44576
31721
31722
44577
43134
28912
39149
41576
34752
40264
44578
34753
43140
33247
39156
41577
28914
43145
44580
28915
40267
39162
30062
40268
44581
39165
28916
43153
44582
40269
37439
30064
39170
40270
44583
31735
43162
28918
43164
33252
44584
37441
34759
39173
35995
28919
31737
44585
43174
35996
40274
28921
44586
28922
43179
31740
35997
28923
44587
43183
43185
44588
41586
28925
31742
41587
44589
34765
28927
40281
37447
33261
44590
43201
30075
44591
40282
43204
31745
39183
40283
44593
43213
44595
39184
36004
40284
43214
28933
33265
40285
39185
36005
44596
44597
40286
44598
31749
28936
44600
40287
31750
28937
40289
28938
44604
41595
28939
40291
31754
44606
34776
44607
40292
44608
39193
37459
40293
28942
40294
40295
44610
31757
30090
40296
44611
43226
34779
28944
33274
39202
43227
44612
31759
28945
39207
44613
39209
39210
37464
44614
28947
34782
31761
44615
40300
36017
44616
28949
36019
33279
40302
44619
40303
28951
33282
28952
31764
37470
34786
40305
44624
37471
40306
31767
34787
36025
37472
44627
36026
37473
43238
40308
31769
34789
28958
43239
40309
28959
30105
40310
33289
39228
44634
28960
30106
41613
36030
44638
40312
39230
30107
41614
28962
44639
40313
41615
33293
44640
36033
41616
37483
43246
40317
28966
44642
30111
37486
44646
41620
36036
30114
31783
36037
44648
40322
44650
33302
28973
41623
36039
30118
41624
33303
31786
44651
44652
40325
34807
34808
44653
40327
41628
34813
34814
34815
44654
28978
40328
30124
31791
44655
39246
34826
33309
34829
44656
44657
28980
40330
44659
31794
40331
39249
43260
37498
33311
44660
40332
43261
34842
28986
44662
41641
41642
41643
43263
37503
43264
36052
44664
28989
44665
43266
41645
44666
37505
33317
44667
30136
34848
44668
44669
37508
40339
28994
44670
37509
44671
36059
43272
34852
33321
44672
40340
31808
36062
41651
43273
40341
28997
33322
44673
37511
36064
40342
41652
28998
44674
40343
44675
39264
40344
33324
29001
43277
41654
44678
44680
43279
43280
40347
40348
44683
40349
43282
36073
44684
30149
40350
36074
34862
40351
44688
37520
43284
40352
30153
37521
34865
40353
30154
44692
40354
36078
41668
44695
40355
37528
39274
44696
37529
30157
40356
39275
31825
40357
37533
30159
37534
36080
43289
37537
36081
37538
40359
39277
41674
29017
41675
40360
31829
39278
41677
37551
37552
37554
37556
34873
29021
37564
44702
37571
44703
40361
41683
37574
40362
31838
29023
33331
44704
40363
40364
44706
41686
43298
41687
40365
34879
40366
41688
44707
36089
39286
29027
34880
40367
37598
44708
41689
29029
37603
40369
33336
31844
41690
30174
39288
44710
36092
44711
40372
43303
44712
44713
43304
37614
44714
34885
33338
40373
41692
44715
44716
40374
37622
44717
43306
36095
40375
29034
34888
41695
40376
44723
39295
44724
36098
31854
40377
30181
39298
43313
40380
41701
41702
36103
40381
44727
40382
44728
33348
44729
31860
44730
33352
40385
43317
33355
44731
43318
30188
40386
41707
39304
40387
40388
44732
41708
33364
37635
29047
34899
39305
40389
31864
41709
30190
44735
43321
36109
40390
41710
44737
29051
33374
36110
44738
37639
44740
39308
40391
44741
39309
44742
40393
36113
39312
44743
30195
41714
37643
40395
44744
40396
39314
40397
44745
37645
40399
29057
44747
36118
37646
34909
36119
40401
44748
44749
34910
41719
40402
36122
41720
44750
43331
40403
37649
41721
44751
40404
41722
44752
39321
31882
40406
31883
31884
44753
31888
36125
40407
31890
43335
44754
31892
34915
40409
31895
30215
36127
44755
34916
44756
33388
40410
31901
36129
43338
41727
44757
39326
43340
31910
41728
40412
31911
44758
34919
44759
41729
43342
44761
37659
40415
36134
37660
31923
29072
40416
44763
37661
31929
40418
43353
37662
40419
31933
34926
44764
40421
40422
40423
44765
31936
40424
43360
43361
37664
44766
31942
30227
43365
40426
37666
43368
40427
43369
29078
41735
40428
43376
40430
40431
40432
29079
40433
31959
40434
40435
40436
33397
40437
31962
40438
36141
43384
31964
41737
40439
31965
40441
29080
31967
29081
39339
40444
41739
39340
30235
43395
31975
40445
43398
44774
31980
43399
41740
37673
33403
30237
31984
40446
43403
41741
43404
43405
30238
37675
40449
41742
33407
31994
31995
31997
39344
37676
33408
36147
43411
44778
43412
43414
40452
41746
43419
32003
41748
43425
41749
43428
34943
43430
43432
41750
36151
40456
41752
33414
41754
30248
40457
36153
40458
41758
37685
41759
44786
41760
36154
33416
30250
43453
36155
30251
32010
40460
39354
39355
36157
41764
29101
40462
43465
36159
37690
33421
39359
30255
41767
44793
36161
37692
41768
43476
39360
30257
40465
43484
43485
36163
44796
43486
29105
43487
40466
43490
33425
40467
43493
32018
37695
43495
30261
40470
36167
34956
45972
33428
40471
43503
45976
43504
43505
34957
39367
40473
34958
39368
34959
30266
34960
45987
43518
32025
40475
43519
45990
43520
39370
43523
43524
40476
46000
41780
43529
46001
30269
40477
43530
37701
44807
43533
39372
40478
41782
43540
40479
44816
44817
46014
46015
37703
40480
44823
40481
36176
43550
44828
43553
40483
34969
43558
41787
40484
34971
40485
39377
43564
33441
32033
43566
32034
30277
44843
46040
37707
40487
46042
44846
30278
32036
39380
32037
43579
41792
44857
37710
40490
33445
40491
46055
44859
43587
44860
46057
40492
46060
37711
40493
40494
44868
44869
40495
34979
37712
44871
40496
36184
46065
44874
30284
40498
34981
44882
33452
40501
43599
44892
44896
34984
39389
44900
44904
33456
43601
41802
44907
40505
46073
33458
43603
44911
33460
44913
43605
40514
41807
32055
41808
30297
40516
41811
36198
34997
37726
40519
36199
44919
41816
40520
32060
40521
36201
43614
36202
33470
39404
32064
39406
40524
33471
39411
39413
46090
32067
41824
40526
36205
43620
33473
39423
37732
40527
43621
40528
39431
41826
37743
44930
37748
37749
37750
36209
37752
46096
41829
37754
37755
41830
39449
39450
30316
46098
37759
37762
40534
43626
44934
41832
32076
39458
46099
36212
40535
40536
35018
35019
43628
35024
37778
37781
35031
40539
41836
46103
46104
40540
41837
43632
46106
44940
37798
39467
33486
43633
36219
40542
46108
37806
37810
43634
40543
41840
30329
33488
43635
39470
41841
40545
40546
41842
43637
41843
40548
37830
46113
41844
37832
41845
46114
44948
37837
32098
30335
37839
32099
36227
43640
32103
40551
37845
32105
37847
30337
44950
39476
41848
36230
40553
44952
37853
43643
41850
37854
46120
41851
39481
33498
41852
44955
43645
33500
32112
37856
40558
46123
30343
40559
44958
41855
40560
35059
44959
39485
46125
35060
41856
32114
40562
30347
46126
32115
43651
37861
33505
43653
40565
43654
41861
33508
44967
30355
40570
32122
44969
41864
40571
41865
40572
43662
30359
37872
40573
43663
44973
37874
43665
30362
40579
40580
33517
46140
43667
32130
40581
41872
39499
40582
30365
32132
39500
41874
40584
39501
41876
39502
30367
36259
35079
40589
36261
44983
41881
41882
37886
40594
32137
41884
41886
39506
41887
41889
41890
41891
43676
44985
41893
32139
37889
36265
30373
41896
41897
41898
41901
43678
41902
37890
39510
44988
41906
40599
46152
36268
44989
41911
41912
35088
41915
40603
41918
39513
43682
41919
41920
33532
41923
32145
33533
41925
40606
43684
32147
46156
36289
41927
36292
36293
40610
35094
36298
33538
39520
33539
35096
40612
44999
30387
45000
43692
36302
40613
41933
36303
32153
41934
30392
36304
41936
32155
40616
46166
30394
41938
33542
40617
46167
40618
40619
32158
36308
41943
40620
41944
30398
41945
40621
46172
40622
37909
41949
40625
35109
43703
40628
41950
39534
40629
45014
36315
45015
40631
45017
45018
30405
40633
40634
40635
30406
41954
39539
33564
46181
47501
41959
30412
47507
47508
35118
40642
33569
47511
41961
40643
45030
41962
46186
39546
30415
37925
45031
35121
46187
47529
41964
33574
40646
45032
40647
30418
43717
47533
30420
30421
36329
40649
47536
47539
40650
41966
39550
40651
47545
43721
46193
40654
30427
45038
37933
43725
40656
30430
41971
47573
33586
47575
47576
47579
46198
45045
40659
41973
47584
47585
45047
41974
41975
37939
43732
30437
40664
47599
36345
30440
37953
46207
37956
30443
37961
40669
43738
37963
35145
40670
40671
40672
43740
37972
37974
43741
40674
39570
30447
45059
39571
46211
36352
30448
37987
37988
46212
40677
30450
39573
37996
41989
37997
37999
36355
38003
38010
38013
40682
38015
46219
38019
38022
35156
46221
45070
43752
33610
45071
46223
38036
40687
46224
38040
36362
41998
38042
40688
38044
45073
38049
42000
33613
35161
30462
39585
39586
39587
40691
47624
38064
33617
40692
38066
38067
46231
33618
38068
43767
43768
38071
36367
43770
38073
38076
33621
38078
42007
35167
40697
39594
35169
43791
42010
33625
40698
30472
43794
38082
40699
43801
43802
40700
33629
35173
43806
43807
40702
43811
43812
30476
43816
42016
40704
45087
43821
40705
43822
36377
43825
43826
43827
47637
42019
36380
33635
40709
35181
38092
43843
42022
36382
43847
40710
42023
40711
43856
35185
43859
43860
43861
43864
30488
40713
45097
38096
43868
43869
45098
33641
42027
43871
38098
43872
40715
43877
45099
42028
43881
42029
45100
33643
38102
43891
43896
43897
42033
30495
38103
39614
39615
47650
33646
36392
47651
42034
33647
39622
43905
43906
40722
39627
45106
42038
38107
47653
40724
38108
43919
33651
42040
39642
30502
40728
33652
42041
39649
36399
39653
43924
40731
36400
33655
42043
45113
33656
47659
36402
43927
40734
35201
30510
36403
39674
43928
39675
47662
45116
33659
40736
39679
36406
42047
38119
40737
39686
43932
40738
45120
35206
46272
46274
45121
43934
45122
40740
39690
40741
35208
40742
43937
33666
30520
36414
40745
47672
39694
33668
46295
40746
45128
38127
42057
39697
42058
46297
38129
35214
42060
36418
40749
33671
40750
35217
38132
40752
43944
36421
33673
46302
39701
47680
35219
47681
42066
46303
39702
42067
30532
30534
43947
39704
40757
43948
30535
36425
33679
40758
36427
33680
38138
33681
40759
46308
39709
40760
38140
35233
45145
36429
40761
45146
36430
30541
40762
30543
38144
42078
45149
40765
46313
38145
39715
49028
36433
39717
33690
49030
40769
42082
46317
40770
43961
30552
33693
42084
40772
42085
43963
49034
38154
39721
38158
30557
45165
43966
40777
38162
45166
47705
49037
40778
42091
36443
42093
47709
49040
43977
43978
43979
43980
40781
39728
42096
43983
39729
43984
43986
40783
43987
42097
46329
39730
39731
43992
43994
49044
40785
43995
42098
50559
42099
42100
40786
36451
50563
40787
39735
50572
42102
49049
38173
47722
39737
50581
40791
40792
50589
47724
50592
47726
46339
49058
49059
44004
47727
40796
36460
36462
40797
36463
30581
50612
30582
50617
44007
36465
47731
49062
38181
40800
30585
50630
47735
47736
40801
46345
47740
36468
45213
45214
40802
47743
45215
30588
47747
30589
46348
45218
46349
42117
50651
45219
46350
44015
38187
45220
42119
46351
45221
40808
42121
46353
45222
40809
44019
42122
39753
30596
36475
40810
39754
30597
45223
46355
38193
45224
44021
45225
30598
46356
42124
45226
45227
45228
45229
45231
40813
45232
45233
36487
36489
40814
42128
50666
36495
42129
40817
45234
36501
46358
42131
47763
40818
46359
40819
45235
42132
49082
36509
38200
36511
45236
36512
45237
49083
40821
44027
45238
49084
45239
40822
36522
50676
39765
40823
45240
42136
44030
40824
36527
42137
45241
46366
40825
42138
45244
40826
30610
42139
36530
50682
46369
45247
39771
30615
40829
39773
42143
38210
42144
38211
47778
40832
36535
39776
40834
50692
40837
45261
38214
50693
40840
40841
40842
39778
40843
40844
46379
38216
50697
36540
50699
30634
42153
40851
30638
30639
30640
39784
40852
39785
52095
40853
52098
46387
38224
52111
50705
46390
40858
38225
45277
49108
42162
40861
45278
46393
50708
38230
47797
45281
45282
42166
40865
50710
39795
44062
40867
42169
52156
52157
42171
52162
36557
38236
49119
47806
52168
52169
46401
47808
52174
40873
50716
52181
42176
40874
42177
52187
52189
36562
44070
52194
52195
47811
44071
36564
36565
40877
47813
40878
44074
47814
40879
50722
52212
38246
39808
47815
42182
52215
40881
49129
40883
40886
45301
38251
40888
39814
49136
45306
40889
36575
39817
42192
39818
40894
49139
44087
40895
39819
52262
38257
38258
50735
42195
39821
40897
42196
39824
50737
40899
49144
42198
42200
44093
38263
49146
36587
42201
45316
49147
40905
40906
52269
40907
42204
40908
53644
38268
52271
42205
40909
36591
49151
42206
36592
42207
50748
49154
40916
42211
40917
45325
36595
42212
45326
44102
36596
42213
49158
40921
50756
40923
49161
40924
40926
47849
45334
52281
52282
36602
40927
45336
38283
40928
52284
45337
53686
53687
42223
47854
47855
53697
40930
50765
42226
46456
42227
53707
42228
47857
49173
36609
50767
36610
45341
53716
44118
53720
36611
53721
40934
53722
40935
53724
50770
40936
40937
53731
50772
42232
44122
50773
53743
45347
49180
40940
50774
47865
42234
50775
40942
45349
46466
49182
38295
53754
40945
53758
38296
42238
52296
50778
53765
42239
45352
53768
36620
53771
52299
50780
53776
53777
53778
42241
53779
52307
53780
50782
52308
42242
53784
52311
40952
50783
52313
45359
52319
42245
49193
53797
36626
52325
40959
50786
52328
40960
40961
55178
47879
46475
55180
40962
55183
45365
53817
49210
53818
44140
40966
49214
55195
53822
55196
49215
49216
50792
36633
52357
53828
53829
49225
45371
42253
50795
49229
46499
42254
46500
47888
46501
40970
46502
53839
49234
55218
40971
44145
49238
46508
45376
40972
49241
42256
53848
46511
44146
49242
36638
49246
42257
40973
53853
52384
53854
46520
53857
40974
53858
47893
46523
40975
53862
40976
45381
42259
42260
46531
45382
46535
44151
45383
47897
52408
53880
52409
40980
55258
45384
53886
46549
46550
52420
53894
52423
42265
52427
40984
53901
36648
49263
45391
53907
53908
52435
47903
40986
55284
44158
40987
44159
46563
40988
44161
52449
52450
40989
44162
45396
45397
36654
55292
49271
52465
53938
53939
53940
47911
52469
44166
47912
40992
45402
44167
52479
53954
53959
52488
49276
55298
44171
47916
53974
52503
44172
52504
50825
40999
44173
45410
53977
52506
53979
47917
52509
41000
42283
44174
50827
41001
52515
52516
41002
52526
54000
54002
52530
45416
52532
52533
52537
49287
41005
41006
54012
52541
45420
54014
49288
52548
44182
41009
49290
44189
52557
42293
49292
55312
54032
44195
41012
41013
44199
44200
55314
36677
54046
41016
49296
54052
50863
54056
52576
54059
44222
52577
44223
54063
36682
52578
54067
41020
45437
50881
44233
42308
44235
44236
52580
41022
52581
47938
44242
36686
52582
54086
45440
47940
42311
44247
44250
41025
50904
36691
54094
44252
47946
54097
54098
50911
36697
36699
50914
41027
36700
47954
44261
54104
50916
47955
36702
50917
44263
42316
47957
36707
50924
54113
36710
50927
36713
44271
42319
47961
36720
44272
44273
47962
45450
46607
45451
42324
42325
41033
44276
42326
44277
42327
54140
44278
52595
46613
50967
54145
52596
44281
42328
50972
50973
47966
50974
44282
42329
52598
50976
54153
50979
54155
41037
52599
50982
50983
42330
36730
44284
54161
55342
52600
54163
42333
54168
44287
50992
54170
42335
45461
50994
50995
54172
50996
54173
49325
36733
44290
54176
45464
44292
46621
51007
44293
51008
55347
41044
51010
42338
51011
55348
44294
41047
46622
51013
44295
41050
52606
46623
44296
46624
54181
51021
44297
36737
54186
54187
42341
44298
54188
54189
41055
42342
52610
46626
54194
54195
45469
41056
54197
54198
41057
44301
47979
44302
54203
41058
42344
49335
44303
42345
45473
49336
41059
44304
47982
41060
49337
44305
46631
41062
42348
44306
45476
54221
44308
41064
44309
51044
36747
45479
36748
47986
44311
42351
44312
42353
54245
54248
51059
36750
42354
54250
52622
54251
54252
44314
54253
36751
44315
51067
44316
54258
44317
41072
54260
47991
42356
51074
42357
36753
36754
54262
54263
54264
51082
51083
54269
51087
42360
46639
41076
42361
44329
36758
41078
51104
52631
54289
44334
47998
54291
54292
52633
44335
49353
41080
51114
42365
48000
52634
49355
44336
41081
45492
49356
54303
45493
36764
41083
44339
49358
42368
41084
54313
48004
44341
54315
51136
44342
42369
41085
45496
54320
41086
48007
51147
42372
51148
51149
49362
44346
51150
51154
44348
48009
54336
51159
54340
51160
41089
52644
51162
46652
44349
51164
54346
42375
51167
42376
42377
44352
51177
42378
56694
51183
55388
42379
44355
51188
51190
51192
48016
41094
44356
54380
51199
54381
52653
51201
44357
54383
44358
52655
44359
54391
51210
56703
44360
54395
54397
54400
42384
42385
44361
54402
49376
51214
41101
52659
52660
51215
44363
56707
54419
44367
48025
55398
42390
45516
45517
48026
44368
42391
49381
52664
44370
48030
56712
54436
44371
49385
41108
44373
54450
44375
54454
45524
49387
44376
56717
44377
54461
54462
42397
54463
48037
55407
49389
42399
44379
46676
51226
41114
44381
49391
44383
45531
46678
45533
41117
44384
44385
46679
48043
41118
44386
44387
41119
46681
55416
44388
41120
44389
52679
46682
44390
41121
46683
45538
49398
44392
41122
51234
41123
44393
41124
49400
48050
44396
51236
54523
46686
41126
54525
42413
44397
41127
55423
45542
54532
52684
54535
49406
44402
54540
45544
46703
44403
45545
46708
49412
42419
44404
44406
44407
49414
42420
41136
44409
41137
54570
51245
41139
42424
54588
44417
54590
42426
46718
44419
55435
41142
42429
51250
44420
55442
41144
55443
55444
54607
41145
51251
54608
42430
44421
41146
42431
55454
44422
52701
51253
45560
49426
48071
44423
51260
51261
54626
45561
49428
44424
45562
51265
55470
44425
41151
44426
46725
46726
41152
51278
44427
51279
42438
51283
41154
45567
58224
58225
51290
54655
48079
54658
58230
51296
41157
54666
41158
52712
51305
48082
41159
42444
41160
51310
55484
42445
51313
42446
55485
45572
41162
51319
51320
42448
45574
52718
55488
45575
51324
54689
51325
46738
54691
51327
52723
41165
54694
54699
49442
54700
45578
52733
45579
54704
41167
42453
48090
42454
49444
54710
51355
51357
41173
51362
46745
52754
51365
52755
42458
46746
54732
52756
51370
52758
54736
42459
52759
52760
49451
42461
52765
46749
52773
52775
54757
42463
55505
54760
49456
42464
54762
52782
41180
46752
54766
42465
52793
54778
55510
48101
46754
54780
41184
54781
54782
45595
52799
54783
52802
54788
52807
51385
42470
54792
52809
52810
52811
52812
52813
45598
52819
58264
52821
54811
52829
58266
41192
51390
52838
52839
49470
54825
52845
41194
58271
54831
54832
49473
48110
52854
54838
55521
49475
52859
42482
52861
51395
46770
54846
52866
42483
51397
54849
42484
46772
41199
55525
41200
42485
52874
52877
46775
48117
41202
42488
54867
58281
52893
41204
52894
54875
41206
52899
42490
52900
49484
41207
54882
52901
41208
54883
54884
48122
58285
52906
41209
51405
55533
45621
58288
45622
41211
54888
42493
41213
42494
41214
48127
41215
51409
51410
58294
48130
41219
45628
51414
52929
48133
41221
52932
45630
41223
45631
46793
45632
52949
41226
42508
46794
51419
42510
52953
42511
48138
46795
48139
52955
42513
41227
42515
52956
55548
42517
52958
42518
49503
41228
52962
52966
42521
41229
46798
52969
48142
42522
52970
52973
41231
42523
52979
49506
58307
52980
41232
42525
49507
51426
42526
46804
52989
51429
52991
49509
58310
42527
45642
52992
45643
41236
58312
42529
42530
46806
45650
41238
51431
54912
53000
42531
41240
54914
49512
53006
53012
41241
49513
45663
41242
45667
49515
51434
41244
55560
41245
53016
45679
45681
41247
45684
53025
53026
48154
51438
41248
48157
42538
45691
48160
42539
58320
53037
53038
49521
45698
45699
45701
41251
45702
53047
55566
46819
53048
42542
53051
41253
48181
42543
41255
48183
45715
48184
41257
53057
53058
41259
48188
46822
51444
48189
45720
41265
49527
41266
53064
48195
41269
53067
45729
48199
51446
49528
54930
53069
53070
53071
48205
51448
42550
49529
42551
48208
53075
46826
49530
45735
55575
49531
53080
51450
48218
45746
53082
48220
53083
53084
41275
53085
53086
49533
48227
49534
45757
45759
42554
53089
49535
53094
48243
53099
48248
53101
58337
42557
41280
49539
48255
55583
58338
53107
46837
53108
53109
53111
42559
53113
46840
48271
42560
48272
53119
48274
49544
53121
53122
41288
53126
51466
53127
53129
53133
51473
42567
58346
41294
48300
58349
53146
51487
55595
41296
45780
48306
53148
48307
46850
53150
45781
53151
53154
48314
53156
51499
42573
51500
53159
49555
48322
53162
51505
48325
41299
58355
55600
46854
41300
48330
48332
53171
41301
53172
48334
58356
58357
54958
53176
51520
51521
41303
53181
41305
48348
58359
46859
48349
58360
45788
58361
42579
55605
46861
53185
58367
42580
58368
41307
51540
51541
55607
48363
41309
48366
55608
58378
53189
41310
58381
45792
58382
48372
41311
48374
58384
51555
45793
51556
48376
58387
48378
48380
41312
51561
41313
51564
55613
51565
41314
48387
48388
45796
58399
49565
48394
41316
45797
48395
41317
58407
48398
41318
48400
51581
51582
41319
48404
48405
42589
45799
41320
51588
58421
49570
55620
58422
48412
45800
51594
41322
51596
42592
41324
41325
53203
55623
54980
41326
48420
58439
46877
58440
53205
58442
48421
55624
55626
51629
58458
53210
58459
42597
41331
51633
58464
42598
58466
53212
41333
56914
55011
41334
51642
55012
58471
53213
56919
51644
56920
55630
51645
53214
55018
58475
48428
42600
45810
58479
45811
58480
41338
49583
53216
58485
46891
51659
46892
46893
58489
53218
56938
42603
46894
55036
53219
42604
58497
41341
45816
48434
41342
58503
41343
46899
48436
46901
46902
46903
51682
55637
46906
58517
55060
49592
51689
48438
41345
48439
58522
41346
42610
56971
45824
56973
42611
58529
58530
49594
48441
58534
46924
41348
48442
55081
46927
49597
42614
55083
42615
46929
53232
46931
42616
48445
41350
55089
42617
55090
46937
46938
56994
45830
58553
46942
46944
58556
55099
58557
46947
58558
51730
41352
46949
58560
42621
58562
46952
57008
46953
58563
49601
41353
58568
46958
58569
46959
48451
46961
57017
46962
48452
55657
45837
46964
46966
58578
57023
46969
46971
46973
49606
46975
55661
41359
46978
53244
51765
58595
41361
55142
42630
57043
58597
57044
51772
58599
57047
55665
45843
58603
55152
58606
51781
53249
58615
49621
57067
49622
49623
57069
57071
57074
46989
58632
51810
46991
58634
49636
48466
45850
58641
49642
53256
51819
49651
45855
49653
57104
45860
46995
58658
49657
58659
49658
45863
51832
57109
49663
46997
51840
51841
42650
49673
49675
46999
42652
51854
51855
49682
51856
45888
42653
53267
51860
51861
49689
49690
53268
45894
58668
45898
47003
51870
53270
53271
45910
45912
45915
55687
42665
48481
58673
49697
45922
45923
47010
53277
45927
47011
45930
51901
45932
51904
45935
51905
51906
45936
58678
42669
58679
42670
47015
45952
45953
45957
51933
49705
47019
42674
53288
47021
58684
48493
42675
57135
51946
53290
55700
48495
49709
42677
47024
42678
58687
47025
53294
42679
42680
49711
42681
58689
47027
51973
42683
55705
58691
51978
47030
51983
55708
47031
51988
51995
58695
53305
58696
53306
52003
52004
52009
52013
52015
47038
53310
58700
58702
52030
47041
53315
48513
47046
49728
52045
47050
47051
52047
58707
47052
47059
58709
47066
58710
47068
52064
52065
52067
42703
42704
53324
47073
55731
48521
52075
52077
58715
52082
42708
53327
42709
58718
55736
47078
55737
58720
47080
49741
48529
58722
42715
55741
58723
55743
42716
49743
55744
55745
49744
58726
58727
42732
49747
47087
58729
53345
53348
47091
58735
53357
53362
48544
53371
42749
55761
42752
42753
49760
48549
42754
58743
53399
49763
53401
49764
58748
42760
42761
55770
58753
49771
53427
42763
53428
42765
58755
53439
57210
58756
47126
47127
47128
47129
42768
47131
53452
47135
47137
42770
48566
47143
47144
47145
53470
48574
47153
48582
48588
47168
48592
48593
58764
47173
47174
48598
47175
48600
42778
47176
48601
48602
49784
48603
47179
48604
48605
47181
47183
42780
49785
47186
47188
58769
47189
42781
58770
47193
48618
47194
58772
47195
47197
47201
47202
49791
47205
47206
57233
47208
47213
58780
58781
47216
42787
58786
47221
49796
58788
58790
58791
57240
55802
58796
58797
58799
55804
58800
57244
58807
58814
55807
58819
49805
58828
47240
49809
42803
47241
49810
58841
49811
48637
42805
58856
42807
58859
58861
57257
47246
58863
47247
58870
47250
55820
58876
58879
47252
48646
47253
42815
58893
48649
57265
58897
58898
58899
48650
49822
58904
42818
47258
55827
49834
49835
47259
49838
47260
49841
42822
42823
58922
55830
57270
42824
49846
42825
49847
58927
49848
49850
55831
47262
57272
48658
49860
42828
49868
47265
58948
55835
49877
42830
49884
47270
49894
53544
49896
42833
58975
58976
47271
49900
48667
49908
42836
49911
49912
58989
49913
53548
49915
58993
48670
49919
49920
53549
49922
59001
49926
55845
42840
49932
49933
59011
55847
48673
53553
49937
49938
49939
48674
49942
49944
49945
49946
49947
49950
49951
48677
49954
42846
57292
49957
49960
49961
53579
55863
57294
49965
49967
53585
49968
48682
49972
49977
49979
47289
42852
57300
49983
48686
49985
47290
49986
48687
49990
49992
49993
49994
42855
48688
47293
49999
50000
50001
50002
42857
47295
55913
55914
57307
55916
55925
55929
42863
59046
47303
48698
57325
50018
42867
57333
57335
48701
57340
57341
48702
42869
50024
47313
57355
47314
50025
47317
47318
47319
47320
50026
57365
57366
42873
47322
57368
47323
47324
57371
50028
50029
57386
57387
57398
57402
57403
42880
48715
57413
57414
57415
57417
57422
57423
55964
55965
57431
57433
50043
57434
42886
57437
57438
42887
48722
57442
57443
50045
47341
57444
55969
57445
55970
42890
57451
47343
57452
48726
42891
57459
57461
57464
57471
48731
57473
57475
57476
57478
57479
48733
55979
57481
47353
57484
57485
50059
48739
57487
47359
48740
50062
57493
57496
47366
50068
47369
48751
50074
50075
47374
50077
47376
48757
48758
57511
47379
50082
57513
50084
48763
48764
50086
57526
57543
57544
50095
57545
57548
57549
57557
48777
48780
48784
57565
57567
48787
57573
48790
57582
48805
48808
56029
57584
47406
57591
48819
48826
48828
50107
57614
57616
57618
56041
50111
57632
57639
47417
57642
47418
57643
57646
57647
57648
57650
57651
50116
57653
57656
57658
47425
50123
57663
50124
47428
50126
57667
56067
50128
57668
48860
50129
56078
48861
56081
50131
48862
50132
56088
50133
56094
50135
50136
57679
50139
47445
57686
57687
57688
57691
47453
47454
57694
57696
50149
48885
50154
48886
57703
57705
50158
50159
48891
50160
57710
50163
48894
48895
47470
50166
57714
57715
48898
47473
47474
56133
50168
48900
56136
50170
50171
56137
56138
50172
57720
50173
57722
57724
50176
56146
50177
56147
57725
50178
48910
50179
57727
50180
50181
57731
50182
57735
57737
57738
50183
57740
57741
50184
57745
50185
57747
48916
57755
57771
57774
57776
57777
57778
56163
56166
57797
48929
48930
48931
50200
48932
57823
48934
56172
57827
57829
57830
57832
50204
48937
56174
48938
57841
57850
50209
57852
50212
48943
57858
50218
57863
50222
56180
48945
50224
50226
56181
57873
57875
50234
50236
50237
56184
57884
50242
57893
50254
50255
57901
50259
50262
50265
57913
50267
50268
57921
57923
48961
50271
57933
50273
57939
50274
48964
57945
57946
57947
48966
57959
57960
57965
48969
57970
57974
48970
57978
50283
56216
50291
58000
50294
56223
58007
48989
50300
58008
48996
50307
50308
58016
56237
50312
49002
49003
58023
58025
49008
58026
50321
50325
58036
56265
56285
56287
56288
58054
56305
56306
56310
56312
50354
50355
56335
56341
50359
58071
50366
50367
50371
50372
50376
50382
56374
56375
50401
58117
58123
50416
58130
50421
50422
50441
50452
58139
50455
50456
50457
50459
50460
50463
50466
50477
50481
50482
50483
50484
50485
50490
58167
58168
58173
50497
50498
58175
56426
56428
50500
50501
56430
58180
50504
58181
58182
58183
58185
58187
58188
58189
50514
58192
58194
56444
56445
50521
58201
58205
58207
56454
58208
56460
56463
56472
56485
56487
56493
56494
56511
50532
56520
56522
50540
56545
56555
56561
50546
50547
50549
56577
56578
56584
56598
56611
56633
56634
56651
